local Library = loadstring(game:HttpGet("https://raw.githubusercontent.com/xHeptc/Kavo-UI-Library/main/source.lua"))()
local Window = Library.CreateLib("Fu Kang Hub NextGeneration | City BanNa", "Midnight")

local Tab = Window:NewTab("ฟาร์ม")

local Section = Tab:NewSection("ฟาร์มเงิน")

Section:NewButton("ฟาร์มเงินที่ธานาคาร", "ต้องเป็น อาชญากร ฟาร์มทั้งหมด50รอบ", function()
    game.Players.LocalPlayer.Character.HumanoidRootPart.CFrame = CFrame.new(-360.721344, 92.1037216, 527.855469, -0.933329761, 3.88909989e-08, -0.359020293, 1.45099408e-08, 1, 7.06044787e-08, 0.359020293, 6.06878956e-08, -0.933329761)
    wait(4.2)
    game:GetService("VirtualInputManager"):SendKeyEvent(true,"E",false,game)
task.wait(6.05)
wait(0.2)
game.Players.LocalPlayer.Character.HumanoidRootPart.CFrame = CFrame.new(-367.041443, 62.6479225, 488.671539, -0.654191077, 4.41985684e-08, -0.756329298, 5.81664855e-11, 1, 5.83879469e-08, 0.756329298, 3.81528835e-08, -0.654191077)
wait(190.2)
game.Players.LocalPlayer.Character.HumanoidRootPart.CFrame = CFrame.new(-360.721344, 92.1037216, 527.855469, -0.933329761, 3.88909989e-08, -0.359020293, 1.45099408e-08, 1, 7.06044787e-08, 0.359020293, 6.06878956e-08, -0.933329761)
    wait(3.2)
    game:GetService("VirtualInputManager"):SendKeyEvent(true,"E",false,game)
task.wait(6.05)
wait(0.2)
game.Players.LocalPlayer.Character.HumanoidRootPart.CFrame = CFrame.new(-367.041443, 62.6479225, 488.671539, -0.654191077, 4.41985684e-08, -0.756329298, 5.81664855e-11, 1, 5.83879469e-08, 0.756329298, 3.81528835e-08, -0.654191077)
wait(190.2)
game.Players.LocalPlayer.Character.HumanoidRootPart.CFrame = CFrame.new(-360.721344, 92.1037216, 527.855469, -0.933329761, 3.88909989e-08, -0.359020293, 1.45099408e-08, 1, 7.06044787e-08, 0.359020293, 6.06878956e-08, -0.933329761)
    wait(3.2)
    game:GetService("VirtualInputManager"):SendKeyEvent(true,"E",false,game)
task.wait(6.05)
wait(0.2)
game.Players.LocalPlayer.Character.HumanoidRootPart.CFrame = CFrame.new(-367.041443, 62.6479225, 488.671539, -0.654191077, 4.41985684e-08, -0.756329298, 5.81664855e-11, 1, 5.83879469e-08, 0.756329298, 3.81528835e-08, -0.654191077)
wait(190.2)
game.Players.LocalPlayer.Character.HumanoidRootPart.CFrame = CFrame.new(-360.721344, 92.1037216, 527.855469, -0.933329761, 3.88909989e-08, -0.359020293, 1.45099408e-08, 1, 7.06044787e-08, 0.359020293, 6.06878956e-08, -0.933329761)
    wait(3.2)
    game:GetService("VirtualInputManager"):SendKeyEvent(true,"E",false,game)
task.wait(6.05)
wait(0.2)
game.Players.LocalPlayer.Character.HumanoidRootPart.CFrame = CFrame.new(-367.041443, 62.6479225, 488.671539, -0.654191077, 4.41985684e-08, -0.756329298, 5.81664855e-11, 1, 5.83879469e-08, 0.756329298, 3.81528835e-08, -0.654191077)
wait(190.2)
game.Players.LocalPlayer.Character.HumanoidRootPart.CFrame = CFrame.new(-360.721344, 92.1037216, 527.855469, -0.933329761, 3.88909989e-08, -0.359020293, 1.45099408e-08, 1, 7.06044787e-08, 0.359020293, 6.06878956e-08, -0.933329761)
    wait(3.2)
    game:GetService("VirtualInputManager"):SendKeyEvent(true,"E",false,game)
task.wait(6.05)
wait(0.2)
game.Players.LocalPlayer.Character.HumanoidRootPart.CFrame = CFrame.new(-367.041443, 62.6479225, 488.671539, -0.654191077, 4.41985684e-08, -0.756329298, 5.81664855e-11, 1, 5.83879469e-08, 0.756329298, 3.81528835e-08, -0.654191077)
wait(190.2)
game.Players.LocalPlayer.Character.HumanoidRootPart.CFrame = CFrame.new(-360.721344, 92.1037216, 527.855469, -0.933329761, 3.88909989e-08, -0.359020293, 1.45099408e-08, 1, 7.06044787e-08, 0.359020293, 6.06878956e-08, -0.933329761)
    wait(3.2)
    game:GetService("VirtualInputManager"):SendKeyEvent(true,"E",false,game)
task.wait(6.05)
wait(0.2)
game.Players.LocalPlayer.Character.HumanoidRootPart.CFrame = CFrame.new(-367.041443, 62.6479225, 488.671539, -0.654191077, 4.41985684e-08, -0.756329298, 5.81664855e-11, 1, 5.83879469e-08, 0.756329298, 3.81528835e-08, -0.654191077)
wait(190.2)
game.Players.LocalPlayer.Character.HumanoidRootPart.CFrame = CFrame.new(-360.721344, 92.1037216, 527.855469, -0.933329761, 3.88909989e-08, -0.359020293, 1.45099408e-08, 1, 7.06044787e-08, 0.359020293, 6.06878956e-08, -0.933329761)
    wait(3.2)
    game:GetService("VirtualInputManager"):SendKeyEvent(true,"E",false,game)
task.wait(6.05)
wait(0.2)
game.Players.LocalPlayer.Character.HumanoidRootPart.CFrame = CFrame.new(-367.041443, 62.6479225, 488.671539, -0.654191077, 4.41985684e-08, -0.756329298, 5.81664855e-11, 1, 5.83879469e-08, 0.756329298, 3.81528835e-08, -0.654191077)
wait(190.2)
game.Players.LocalPlayer.Character.HumanoidRootPart.CFrame = CFrame.new(-360.721344, 92.1037216, 527.855469, -0.933329761, 3.88909989e-08, -0.359020293, 1.45099408e-08, 1, 7.06044787e-08, 0.359020293, 6.06878956e-08, -0.933329761)
    wait(3.2)
    game:GetService("VirtualInputManager"):SendKeyEvent(true,"E",false,game)
task.wait(6.05)
wait(0.2)
game.Players.LocalPlayer.Character.HumanoidRootPart.CFrame = CFrame.new(-367.041443, 62.6479225, 488.671539, -0.654191077, 4.41985684e-08, -0.756329298, 5.81664855e-11, 1, 5.83879469e-08, 0.756329298, 3.81528835e-08, -0.654191077)
wait(190.2)
game.Players.LocalPlayer.Character.HumanoidRootPart.CFrame = CFrame.new(-360.721344, 92.1037216, 527.855469, -0.933329761, 3.88909989e-08, -0.359020293, 1.45099408e-08, 1, 7.06044787e-08, 0.359020293, 6.06878956e-08, -0.933329761)
    wait(3.2)
    game:GetService("VirtualInputManager"):SendKeyEvent(true,"E",false,game)
task.wait(6.05)
wait(0.2)
game.Players.LocalPlayer.Character.HumanoidRootPart.CFrame = CFrame.new(-367.041443, 62.6479225, 488.671539, -0.654191077, 4.41985684e-08, -0.756329298, 5.81664855e-11, 1, 5.83879469e-08, 0.756329298, 3.81528835e-08, -0.654191077)
wait(190.2)
game.Players.LocalPlayer.Character.HumanoidRootPart.CFrame = CFrame.new(-360.721344, 92.1037216, 527.855469, -0.933329761, 3.88909989e-08, -0.359020293, 1.45099408e-08, 1, 7.06044787e-08, 0.359020293, 6.06878956e-08, -0.933329761)
    wait(3.2)
    game:GetService("VirtualInputManager"):SendKeyEvent(true,"E",false,game)
task.wait(6.05)
wait(0.2)
game.Players.LocalPlayer.Character.HumanoidRootPart.CFrame = CFrame.new(-367.041443, 62.6479225, 488.671539, -0.654191077, 4.41985684e-08, -0.756329298, 5.81664855e-11, 1, 5.83879469e-08, 0.756329298, 3.81528835e-08, -0.654191077)
wait(190.2)
game.Players.LocalPlayer.Character.HumanoidRootPart.CFrame = CFrame.new(-360.721344, 92.1037216, 527.855469, -0.933329761, 3.88909989e-08, -0.359020293, 1.45099408e-08, 1, 7.06044787e-08, 0.359020293, 6.06878956e-08, -0.933329761)
    wait(3.2)
    game:GetService("VirtualInputManager"):SendKeyEvent(true,"E",false,game)
task.wait(6.05)
wait(0.2)
game.Players.LocalPlayer.Character.HumanoidRootPart.CFrame = CFrame.new(-367.041443, 62.6479225, 488.671539, -0.654191077, 4.41985684e-08, -0.756329298, 5.81664855e-11, 1, 5.83879469e-08, 0.756329298, 3.81528835e-08, -0.654191077)
wait(190.2)
game.Players.LocalPlayer.Character.HumanoidRootPart.CFrame = CFrame.new(-360.721344, 92.1037216, 527.855469, -0.933329761, 3.88909989e-08, -0.359020293, 1.45099408e-08, 1, 7.06044787e-08, 0.359020293, 6.06878956e-08, -0.933329761)
    wait(3.2)
    game:GetService("VirtualInputManager"):SendKeyEvent(true,"E",false,game)
task.wait(6.05)
wait(0.2)
game.Players.LocalPlayer.Character.HumanoidRootPart.CFrame = CFrame.new(-367.041443, 62.6479225, 488.671539, -0.654191077, 4.41985684e-08, -0.756329298, 5.81664855e-11, 1, 5.83879469e-08, 0.756329298, 3.81528835e-08, -0.654191077)
wait(190.2)
game.Players.LocalPlayer.Character.HumanoidRootPart.CFrame = CFrame.new(-360.721344, 92.1037216, 527.855469, -0.933329761, 3.88909989e-08, -0.359020293, 1.45099408e-08, 1, 7.06044787e-08, 0.359020293, 6.06878956e-08, -0.933329761)
    wait(3.2)
    game:GetService("VirtualInputManager"):SendKeyEvent(true,"E",false,game)
task.wait(6.05)
wait(0.2)
game.Players.LocalPlayer.Character.HumanoidRootPart.CFrame = CFrame.new(-367.041443, 62.6479225, 488.671539, -0.654191077, 4.41985684e-08, -0.756329298, 5.81664855e-11, 1, 5.83879469e-08, 0.756329298, 3.81528835e-08, -0.654191077)
wait(190.2)
game.Players.LocalPlayer.Character.HumanoidRootPart.CFrame = CFrame.new(-360.721344, 92.1037216, 527.855469, -0.933329761, 3.88909989e-08, -0.359020293, 1.45099408e-08, 1, 7.06044787e-08, 0.359020293, 6.06878956e-08, -0.933329761)
    wait(3.2)
    game:GetService("VirtualInputManager"):SendKeyEvent(true,"E",false,game)
task.wait(6.05)
wait(0.2)
game.Players.LocalPlayer.Character.HumanoidRootPart.CFrame = CFrame.new(-367.041443, 62.6479225, 488.671539, -0.654191077, 4.41985684e-08, -0.756329298, 5.81664855e-11, 1, 5.83879469e-08, 0.756329298, 3.81528835e-08, -0.654191077)
wait(190.2)
game.Players.LocalPlayer.Character.HumanoidRootPart.CFrame = CFrame.new(-360.721344, 92.1037216, 527.855469, -0.933329761, 3.88909989e-08, -0.359020293, 1.45099408e-08, 1, 7.06044787e-08, 0.359020293, 6.06878956e-08, -0.933329761)
    wait(3.2)
    game:GetService("VirtualInputManager"):SendKeyEvent(true,"E",false,game)
task.wait(6.05)
wait(0.2)
game.Players.LocalPlayer.Character.HumanoidRootPart.CFrame = CFrame.new(-367.041443, 62.6479225, 488.671539, -0.654191077, 4.41985684e-08, -0.756329298, 5.81664855e-11, 1, 5.83879469e-08, 0.756329298, 3.81528835e-08, -0.654191077)
wait(190.2)
game.Players.LocalPlayer.Character.HumanoidRootPart.CFrame = CFrame.new(-360.721344, 92.1037216, 527.855469, -0.933329761, 3.88909989e-08, -0.359020293, 1.45099408e-08, 1, 7.06044787e-08, 0.359020293, 6.06878956e-08, -0.933329761)
    wait(3.2)
    game:GetService("VirtualInputManager"):SendKeyEvent(true,"E",false,game)
task.wait(6.05)
wait(0.2)
game.Players.LocalPlayer.Character.HumanoidRootPart.CFrame = CFrame.new(-367.041443, 62.6479225, 488.671539, -0.654191077, 4.41985684e-08, -0.756329298, 5.81664855e-11, 1, 5.83879469e-08, 0.756329298, 3.81528835e-08, -0.654191077)
wait(190.2)
game.Players.LocalPlayer.Character.HumanoidRootPart.CFrame = CFrame.new(-360.721344, 92.1037216, 527.855469, -0.933329761, 3.88909989e-08, -0.359020293, 1.45099408e-08, 1, 7.06044787e-08, 0.359020293, 6.06878956e-08, -0.933329761)
    wait(3.2)
    game:GetService("VirtualInputManager"):SendKeyEvent(true,"E",false,game)
task.wait(6.05)
wait(0.2)
game.Players.LocalPlayer.Character.HumanoidRootPart.CFrame = CFrame.new(-367.041443, 62.6479225, 488.671539, -0.654191077, 4.41985684e-08, -0.756329298, 5.81664855e-11, 1, 5.83879469e-08, 0.756329298, 3.81528835e-08, -0.654191077)
wait(190.2)
game.Players.LocalPlayer.Character.HumanoidRootPart.CFrame = CFrame.new(-360.721344, 92.1037216, 527.855469, -0.933329761, 3.88909989e-08, -0.359020293, 1.45099408e-08, 1, 7.06044787e-08, 0.359020293, 6.06878956e-08, -0.933329761)
    wait(3.2)
    game:GetService("VirtualInputManager"):SendKeyEvent(true,"E",false,game)
task.wait(6.05)
wait(0.2)
game.Players.LocalPlayer.Character.HumanoidRootPart.CFrame = CFrame.new(-367.041443, 62.6479225, 488.671539, -0.654191077, 4.41985684e-08, -0.756329298, 5.81664855e-11, 1, 5.83879469e-08, 0.756329298, 3.81528835e-08, -0.654191077)
wait(190.2)
game.Players.LocalPlayer.Character.HumanoidRootPart.CFrame = CFrame.new(-360.721344, 92.1037216, 527.855469, -0.933329761, 3.88909989e-08, -0.359020293, 1.45099408e-08, 1, 7.06044787e-08, 0.359020293, 6.06878956e-08, -0.933329761)
    wait(3.2)
    game:GetService("VirtualInputManager"):SendKeyEvent(true,"E",false,game)
task.wait(6.05)
wait(0.2)
game.Players.LocalPlayer.Character.HumanoidRootPart.CFrame = CFrame.new(-367.041443, 62.6479225, 488.671539, -0.654191077, 4.41985684e-08, -0.756329298, 5.81664855e-11, 1, 5.83879469e-08, 0.756329298, 3.81528835e-08, -0.654191077)
wait(190.2)
game.Players.LocalPlayer.Character.HumanoidRootPart.CFrame = CFrame.new(-360.721344, 92.1037216, 527.855469, -0.933329761, 3.88909989e-08, -0.359020293, 1.45099408e-08, 1, 7.06044787e-08, 0.359020293, 6.06878956e-08, -0.933329761)
    wait(3.2)
    game:GetService("VirtualInputManager"):SendKeyEvent(true,"E",false,game)
task.wait(6.05)
wait(0.2)
game.Players.LocalPlayer.Character.HumanoidRootPart.CFrame = CFrame.new(-367.041443, 62.6479225, 488.671539, -0.654191077, 4.41985684e-08, -0.756329298, 5.81664855e-11, 1, 5.83879469e-08, 0.756329298, 3.81528835e-08, -0.654191077)
wait(190.2)
game.Players.LocalPlayer.Character.HumanoidRootPart.CFrame = CFrame.new(-360.721344, 92.1037216, 527.855469, -0.933329761, 3.88909989e-08, -0.359020293, 1.45099408e-08, 1, 7.06044787e-08, 0.359020293, 6.06878956e-08, -0.933329761)
    wait(3.2)
    game:GetService("VirtualInputManager"):SendKeyEvent(true,"E",false,game)
task.wait(6.05)
wait(0.2)
game.Players.LocalPlayer.Character.HumanoidRootPart.CFrame = CFrame.new(-367.041443, 62.6479225, 488.671539, -0.654191077, 4.41985684e-08, -0.756329298, 5.81664855e-11, 1, 5.83879469e-08, 0.756329298, 3.81528835e-08, -0.654191077)
wait(190.2)
game.Players.LocalPlayer.Character.HumanoidRootPart.CFrame = CFrame.new(-360.721344, 92.1037216, 527.855469, -0.933329761, 3.88909989e-08, -0.359020293, 1.45099408e-08, 1, 7.06044787e-08, 0.359020293, 6.06878956e-08, -0.933329761)
    wait(3.2)
    game:GetService("VirtualInputManager"):SendKeyEvent(true,"E",false,game)
task.wait(6.05)
wait(0.2)
game.Players.LocalPlayer.Character.HumanoidRootPart.CFrame = CFrame.new(-367.041443, 62.6479225, 488.671539, -0.654191077, 4.41985684e-08, -0.756329298, 5.81664855e-11, 1, 5.83879469e-08, 0.756329298, 3.81528835e-08, -0.654191077)
wait(190.2)
game.Players.LocalPlayer.Character.HumanoidRootPart.CFrame = CFrame.new(-360.721344, 92.1037216, 527.855469, -0.933329761, 3.88909989e-08, -0.359020293, 1.45099408e-08, 1, 7.06044787e-08, 0.359020293, 6.06878956e-08, -0.933329761)
    wait(3.2)
    game:GetService("VirtualInputManager"):SendKeyEvent(true,"E",false,game)
task.wait(6.05)
wait(0.2)
game.Players.LocalPlayer.Character.HumanoidRootPart.CFrame = CFrame.new(-367.041443, 62.6479225, 488.671539, -0.654191077, 4.41985684e-08, -0.756329298, 5.81664855e-11, 1, 5.83879469e-08, 0.756329298, 3.81528835e-08, -0.654191077)
wait(190.2)
game.Players.LocalPlayer.Character.HumanoidRootPart.CFrame = CFrame.new(-360.721344, 92.1037216, 527.855469, -0.933329761, 3.88909989e-08, -0.359020293, 1.45099408e-08, 1, 7.06044787e-08, 0.359020293, 6.06878956e-08, -0.933329761)
    wait(3.2)
    game:GetService("VirtualInputManager"):SendKeyEvent(true,"E",false,game)
task.wait(6.05)
wait(0.2)
game.Players.LocalPlayer.Character.HumanoidRootPart.CFrame = CFrame.new(-367.041443, 62.6479225, 488.671539, -0.654191077, 4.41985684e-08, -0.756329298, 5.81664855e-11, 1, 5.83879469e-08, 0.756329298, 3.81528835e-08, -0.654191077)
wait(190.2)
game.Players.LocalPlayer.Character.HumanoidRootPart.CFrame = CFrame.new(-360.721344, 92.1037216, 527.855469, -0.933329761, 3.88909989e-08, -0.359020293, 1.45099408e-08, 1, 7.06044787e-08, 0.359020293, 6.06878956e-08, -0.933329761)
    wait(3.2)
    game:GetService("VirtualInputManager"):SendKeyEvent(true,"E",false,game)
task.wait(6.05)
wait(0.2)
game.Players.LocalPlayer.Character.HumanoidRootPart.CFrame = CFrame.new(-367.041443, 62.6479225, 488.671539, -0.654191077, 4.41985684e-08, -0.756329298, 5.81664855e-11, 1, 5.83879469e-08, 0.756329298, 3.81528835e-08, -0.654191077)
wait(190.2)
game.Players.LocalPlayer.Character.HumanoidRootPart.CFrame = CFrame.new(-360.721344, 92.1037216, 527.855469, -0.933329761, 3.88909989e-08, -0.359020293, 1.45099408e-08, 1, 7.06044787e-08, 0.359020293, 6.06878956e-08, -0.933329761)
    wait(3.2)
    game:GetService("VirtualInputManager"):SendKeyEvent(true,"E",false,game)
task.wait(6.05)
wait(0.2)
game.Players.LocalPlayer.Character.HumanoidRootPart.CFrame = CFrame.new(-367.041443, 62.6479225, 488.671539, -0.654191077, 4.41985684e-08, -0.756329298, 5.81664855e-11, 1, 5.83879469e-08, 0.756329298, 3.81528835e-08, -0.654191077)
wait(190.2)
game.Players.LocalPlayer.Character.HumanoidRootPart.CFrame = CFrame.new(-360.721344, 92.1037216, 527.855469, -0.933329761, 3.88909989e-08, -0.359020293, 1.45099408e-08, 1, 7.06044787e-08, 0.359020293, 6.06878956e-08, -0.933329761)
    wait(3.2)
    game:GetService("VirtualInputManager"):SendKeyEvent(true,"E",false,game)
task.wait(6.05)
wait(0.2)
game.Players.LocalPlayer.Character.HumanoidRootPart.CFrame = CFrame.new(-367.041443, 62.6479225, 488.671539, -0.654191077, 4.41985684e-08, -0.756329298, 5.81664855e-11, 1, 5.83879469e-08, 0.756329298, 3.81528835e-08, -0.654191077)
wait(190.2)
game.Players.LocalPlayer.Character.HumanoidRootPart.CFrame = CFrame.new(-360.721344, 92.1037216, 527.855469, -0.933329761, 3.88909989e-08, -0.359020293, 1.45099408e-08, 1, 7.06044787e-08, 0.359020293, 6.06878956e-08, -0.933329761)
    wait(3.2)
    game:GetService("VirtualInputManager"):SendKeyEvent(true,"E",false,game)
task.wait(6.05)
wait(0.2)
game.Players.LocalPlayer.Character.HumanoidRootPart.CFrame = CFrame.new(-367.041443, 62.6479225, 488.671539, -0.654191077, 4.41985684e-08, -0.756329298, 5.81664855e-11, 1, 5.83879469e-08, 0.756329298, 3.81528835e-08, -0.654191077)
wait(190.2)
game.Players.LocalPlayer.Character.HumanoidRootPart.CFrame = CFrame.new(-360.721344, 92.1037216, 527.855469, -0.933329761, 3.88909989e-08, -0.359020293, 1.45099408e-08, 1, 7.06044787e-08, 0.359020293, 6.06878956e-08, -0.933329761)
    wait(3.2)
    game:GetService("VirtualInputManager"):SendKeyEvent(true,"E",false,game)
task.wait(6.05)
wait(0.2)
game.Players.LocalPlayer.Character.HumanoidRootPart.CFrame = CFrame.new(-367.041443, 62.6479225, 488.671539, -0.654191077, 4.41985684e-08, -0.756329298, 5.81664855e-11, 1, 5.83879469e-08, 0.756329298, 3.81528835e-08, -0.654191077)
wait(190.2)
game.Players.LocalPlayer.Character.HumanoidRootPart.CFrame = CFrame.new(-360.721344, 92.1037216, 527.855469, -0.933329761, 3.88909989e-08, -0.359020293, 1.45099408e-08, 1, 7.06044787e-08, 0.359020293, 6.06878956e-08, -0.933329761)
    wait(3.2)
    game:GetService("VirtualInputManager"):SendKeyEvent(true,"E",false,game)
task.wait(6.05)
wait(0.2)
game.Players.LocalPlayer.Character.HumanoidRootPart.CFrame = CFrame.new(-367.041443, 62.6479225, 488.671539, -0.654191077, 4.41985684e-08, -0.756329298, 5.81664855e-11, 1, 5.83879469e-08, 0.756329298, 3.81528835e-08, -0.654191077)
wait(190.2)
game.Players.LocalPlayer.Character.HumanoidRootPart.CFrame = CFrame.new(-360.721344, 92.1037216, 527.855469, -0.933329761, 3.88909989e-08, -0.359020293, 1.45099408e-08, 1, 7.06044787e-08, 0.359020293, 6.06878956e-08, -0.933329761)
    wait(3.2)
    game:GetService("VirtualInputManager"):SendKeyEvent(true,"E",false,game)
task.wait(6.05)
wait(0.2)
game.Players.LocalPlayer.Character.HumanoidRootPart.CFrame = CFrame.new(-367.041443, 62.6479225, 488.671539, -0.654191077, 4.41985684e-08, -0.756329298, 5.81664855e-11, 1, 5.83879469e-08, 0.756329298, 3.81528835e-08, -0.654191077)
wait(190.2)
game.Players.LocalPlayer.Character.HumanoidRootPart.CFrame = CFrame.new(-360.721344, 92.1037216, 527.855469, -0.933329761, 3.88909989e-08, -0.359020293, 1.45099408e-08, 1, 7.06044787e-08, 0.359020293, 6.06878956e-08, -0.933329761)
    wait(3.2)
    game:GetService("VirtualInputManager"):SendKeyEvent(true,"E",false,game)
task.wait(6.05)
wait(0.2)
game.Players.LocalPlayer.Character.HumanoidRootPart.CFrame = CFrame.new(-367.041443, 62.6479225, 488.671539, -0.654191077, 4.41985684e-08, -0.756329298, 5.81664855e-11, 1, 5.83879469e-08, 0.756329298, 3.81528835e-08, -0.654191077)
wait(190.2)
game.Players.LocalPlayer.Character.HumanoidRootPart.CFrame = CFrame.new(-360.721344, 92.1037216, 527.855469, -0.933329761, 3.88909989e-08, -0.359020293, 1.45099408e-08, 1, 7.06044787e-08, 0.359020293, 6.06878956e-08, -0.933329761)
    wait(3.2)
    game:GetService("VirtualInputManager"):SendKeyEvent(true,"E",false,game)
task.wait(6.05)
wait(0.2)
game.Players.LocalPlayer.Character.HumanoidRootPart.CFrame = CFrame.new(-367.041443, 62.6479225, 488.671539, -0.654191077, 4.41985684e-08, -0.756329298, 5.81664855e-11, 1, 5.83879469e-08, 0.756329298, 3.81528835e-08, -0.654191077)
wait(190.2)
game.Players.LocalPlayer.Character.HumanoidRootPart.CFrame = CFrame.new(-360.721344, 92.1037216, 527.855469, -0.933329761, 3.88909989e-08, -0.359020293, 1.45099408e-08, 1, 7.06044787e-08, 0.359020293, 6.06878956e-08, -0.933329761)
    wait(3.2)
    game:GetService("VirtualInputManager"):SendKeyEvent(true,"E",false,game)
task.wait(6.05)
wait(0.2)
game.Players.LocalPlayer.Character.HumanoidRootPart.CFrame = CFrame.new(-367.041443, 62.6479225, 488.671539, -0.654191077, 4.41985684e-08, -0.756329298, 5.81664855e-11, 1, 5.83879469e-08, 0.756329298, 3.81528835e-08, -0.654191077)
wait(190.2)
game.Players.LocalPlayer.Character.HumanoidRootPart.CFrame = CFrame.new(-360.721344, 92.1037216, 527.855469, -0.933329761, 3.88909989e-08, -0.359020293, 1.45099408e-08, 1, 7.06044787e-08, 0.359020293, 6.06878956e-08, -0.933329761)
    wait(3.2)
    game:GetService("VirtualInputManager"):SendKeyEvent(true,"E",false,game)
task.wait(6.05)
wait(0.2)
game.Players.LocalPlayer.Character.HumanoidRootPart.CFrame = CFrame.new(-367.041443, 62.6479225, 488.671539, -0.654191077, 4.41985684e-08, -0.756329298, 5.81664855e-11, 1, 5.83879469e-08, 0.756329298, 3.81528835e-08, -0.654191077)
wait(190.2)
game.Players.LocalPlayer.Character.HumanoidRootPart.CFrame = CFrame.new(-360.721344, 92.1037216, 527.855469, -0.933329761, 3.88909989e-08, -0.359020293, 1.45099408e-08, 1, 7.06044787e-08, 0.359020293, 6.06878956e-08, -0.933329761)
    wait(3.2)
    game:GetService("VirtualInputManager"):SendKeyEvent(true,"E",false,game)
task.wait(6.05)
wait(0.2)
game.Players.LocalPlayer.Character.HumanoidRootPart.CFrame = CFrame.new(-367.041443, 62.6479225, 488.671539, -0.654191077, 4.41985684e-08, -0.756329298, 5.81664855e-11, 1, 5.83879469e-08, 0.756329298, 3.81528835e-08, -0.654191077)
wait(190.2)
game.Players.LocalPlayer.Character.HumanoidRootPart.CFrame = CFrame.new(-360.721344, 92.1037216, 527.855469, -0.933329761, 3.88909989e-08, -0.359020293, 1.45099408e-08, 1, 7.06044787e-08, 0.359020293, 6.06878956e-08, -0.933329761)
    wait(3.2)
    game:GetService("VirtualInputManager"):SendKeyEvent(true,"E",false,game)
task.wait(6.05)
wait(0.2)
game.Players.LocalPlayer.Character.HumanoidRootPart.CFrame = CFrame.new(-367.041443, 62.6479225, 488.671539, -0.654191077, 4.41985684e-08, -0.756329298, 5.81664855e-11, 1, 5.83879469e-08, 0.756329298, 3.81528835e-08, -0.654191077)
wait(190.2)
game.Players.LocalPlayer.Character.HumanoidRootPart.CFrame = CFrame.new(-360.721344, 92.1037216, 527.855469, -0.933329761, 3.88909989e-08, -0.359020293, 1.45099408e-08, 1, 7.06044787e-08, 0.359020293, 6.06878956e-08, -0.933329761)
    wait(3.2)
    game:GetService("VirtualInputManager"):SendKeyEvent(true,"E",false,game)
task.wait(6.05)
wait(0.2)
game.Players.LocalPlayer.Character.HumanoidRootPart.CFrame = CFrame.new(-367.041443, 62.6479225, 488.671539, -0.654191077, 4.41985684e-08, -0.756329298, 5.81664855e-11, 1, 5.83879469e-08, 0.756329298, 3.81528835e-08, -0.654191077)
wait(190.2)
game.Players.LocalPlayer.Character.HumanoidRootPart.CFrame = CFrame.new(-360.721344, 92.1037216, 527.855469, -0.933329761, 3.88909989e-08, -0.359020293, 1.45099408e-08, 1, 7.06044787e-08, 0.359020293, 6.06878956e-08, -0.933329761)
    wait(3.2)
    game:GetService("VirtualInputManager"):SendKeyEvent(true,"E",false,game)
task.wait(6.05)
wait(0.2)
game.Players.LocalPlayer.Character.HumanoidRootPart.CFrame = CFrame.new(-367.041443, 62.6479225, 488.671539, -0.654191077, 4.41985684e-08, -0.756329298, 5.81664855e-11, 1, 5.83879469e-08, 0.756329298, 3.81528835e-08, -0.654191077)
wait(190.2)
game.Players.LocalPlayer.Character.HumanoidRootPart.CFrame = CFrame.new(-360.721344, 92.1037216, 527.855469, -0.933329761, 3.88909989e-08, -0.359020293, 1.45099408e-08, 1, 7.06044787e-08, 0.359020293, 6.06878956e-08, -0.933329761)
    wait(3.2)
    game:GetService("VirtualInputManager"):SendKeyEvent(true,"E",false,game)
task.wait(6.05)
wait(0.2)
game.Players.LocalPlayer.Character.HumanoidRootPart.CFrame = CFrame.new(-367.041443, 62.6479225, 488.671539, -0.654191077, 4.41985684e-08, -0.756329298, 5.81664855e-11, 1, 5.83879469e-08, 0.756329298, 3.81528835e-08, -0.654191077)
wait(190.2)
game.Players.LocalPlayer.Character.HumanoidRootPart.CFrame = CFrame.new(-360.721344, 92.1037216, 527.855469, -0.933329761, 3.88909989e-08, -0.359020293, 1.45099408e-08, 1, 7.06044787e-08, 0.359020293, 6.06878956e-08, -0.933329761)
    wait(3.2)
    game:GetService("VirtualInputManager"):SendKeyEvent(true,"E",false,game)
task.wait(6.05)
wait(0.2)
game.Players.LocalPlayer.Character.HumanoidRootPart.CFrame = CFrame.new(-367.041443, 62.6479225, 488.671539, -0.654191077, 4.41985684e-08, -0.756329298, 5.81664855e-11, 1, 5.83879469e-08, 0.756329298, 3.81528835e-08, -0.654191077)
wait(190.2)
game.Players.LocalPlayer.Character.HumanoidRootPart.CFrame = CFrame.new(-360.721344, 92.1037216, 527.855469, -0.933329761, 3.88909989e-08, -0.359020293, 1.45099408e-08, 1, 7.06044787e-08, 0.359020293, 6.06878956e-08, -0.933329761)
    wait(3.2)
    game:GetService("VirtualInputManager"):SendKeyEvent(true,"E",false,game)
task.wait(6.05)
wait(0.2)
game.Players.LocalPlayer.Character.HumanoidRootPart.CFrame = CFrame.new(-367.041443, 62.6479225, 488.671539, -0.654191077, 4.41985684e-08, -0.756329298, 5.81664855e-11, 1, 5.83879469e-08, 0.756329298, 3.81528835e-08, -0.654191077)
wait(190.2)
game.Players.LocalPlayer.Character.HumanoidRootPart.CFrame = CFrame.new(-360.721344, 92.1037216, 527.855469, -0.933329761, 3.88909989e-08, -0.359020293, 1.45099408e-08, 1, 7.06044787e-08, 0.359020293, 6.06878956e-08, -0.933329761)
    wait(3.2)
    game:GetService("VirtualInputManager"):SendKeyEvent(true,"E",false,game)
task.wait(6.05)
wait(0.2)
game.Players.LocalPlayer.Character.HumanoidRootPart.CFrame = CFrame.new(-367.041443, 62.6479225, 488.671539, -0.654191077, 4.41985684e-08, -0.756329298, 5.81664855e-11, 1, 5.83879469e-08, 0.756329298, 3.81528835e-08, -0.654191077)
wait(190.2)
game.Players.LocalPlayer.Character.HumanoidRootPart.CFrame = CFrame.new(-360.721344, 92.1037216, 527.855469, -0.933329761, 3.88909989e-08, -0.359020293, 1.45099408e-08, 1, 7.06044787e-08, 0.359020293, 6.06878956e-08, -0.933329761)
    wait(3.2)
    game:GetService("VirtualInputManager"):SendKeyEvent(true,"E",false,game)
task.wait(6.05)
wait(0.2)
game.Players.LocalPlayer.Character.HumanoidRootPart.CFrame = CFrame.new(-367.041443, 62.6479225, 488.671539, -0.654191077, 4.41985684e-08, -0.756329298, 5.81664855e-11, 1, 5.83879469e-08, 0.756329298, 3.81528835e-08, -0.654191077)
wait(190.2)
game.Players.LocalPlayer.Character.HumanoidRootPart.CFrame = CFrame.new(-360.721344, 92.1037216, 527.855469, -0.933329761, 3.88909989e-08, -0.359020293, 1.45099408e-08, 1, 7.06044787e-08, 0.359020293, 6.06878956e-08, -0.933329761)
    wait(3.2)
    game:GetService("VirtualInputManager"):SendKeyEvent(true,"E",false,game)
task.wait(6.05)
wait(0.2)
game.Players.LocalPlayer.Character.HumanoidRootPart.CFrame = CFrame.new(-367.041443, 62.6479225, 488.671539, -0.654191077, 4.41985684e-08, -0.756329298, 5.81664855e-11, 1, 5.83879469e-08, 0.756329298, 3.81528835e-08, -0.654191077)
wait(190.2)
game.Players.LocalPlayer.Character.HumanoidRootPart.CFrame = CFrame.new(-360.721344, 92.1037216, 527.855469, -0.933329761, 3.88909989e-08, -0.359020293, 1.45099408e-08, 1, 7.06044787e-08, 0.359020293, 6.06878956e-08, -0.933329761)
    wait(3.2)
    game:GetService("VirtualInputManager"):SendKeyEvent(true,"E",false,game)
task.wait(6.05)
wait(0.2)
game.Players.LocalPlayer.Character.HumanoidRootPart.CFrame = CFrame.new(-367.041443, 62.6479225, 488.671539, -0.654191077, 4.41985684e-08, -0.756329298, 5.81664855e-11, 1, 5.83879469e-08, 0.756329298, 3.81528835e-08, -0.654191077)
wait(190.2)
game.Players.LocalPlayer.Character.HumanoidRootPart.CFrame = CFrame.new(-360.721344, 92.1037216, 527.855469, -0.933329761, 3.88909989e-08, -0.359020293, 1.45099408e-08, 1, 7.06044787e-08, 0.359020293, 6.06878956e-08, -0.933329761)
    wait(3.2)
    game:GetService("VirtualInputManager"):SendKeyEvent(true,"E",false,game)
task.wait(6.05)
wait(0.2)
game.Players.LocalPlayer.Character.HumanoidRootPart.CFrame = CFrame.new(-367.041443, 62.6479225, 488.671539, -0.654191077, 4.41985684e-08, -0.756329298, 5.81664855e-11, 1, 5.83879469e-08, 0.756329298, 3.81528835e-08, -0.654191077)
wait(190.2)
game.Players.LocalPlayer.Character.HumanoidRootPart.CFrame = CFrame.new(-360.721344, 92.1037216, 527.855469, -0.933329761, 3.88909989e-08, -0.359020293, 1.45099408e-08, 1, 7.06044787e-08, 0.359020293, 6.06878956e-08, -0.933329761)
    wait(3.2)
    game:GetService("VirtualInputManager"):SendKeyEvent(true,"E",false,game)
task.wait(6.05)
wait(0.2)
game.Players.LocalPlayer.Character.HumanoidRootPart.CFrame = CFrame.new(-367.041443, 62.6479225, 488.671539, -0.654191077, 4.41985684e-08, -0.756329298, 5.81664855e-11, 1, 5.83879469e-08, 0.756329298, 3.81528835e-08, -0.654191077)
wait(190.2)
game.Players.LocalPlayer.Character.HumanoidRootPart.CFrame = CFrame.new(-360.721344, 92.1037216, 527.855469, -0.933329761, 3.88909989e-08, -0.359020293, 1.45099408e-08, 1, 7.06044787e-08, 0.359020293, 6.06878956e-08, -0.933329761)
    wait(3.2)
    game:GetService("VirtualInputManager"):SendKeyEvent(true,"E",false,game)
task.wait(6.05)
wait(0.2)
game.Players.LocalPlayer.Character.HumanoidRootPart.CFrame = CFrame.new(-367.041443, 62.6479225, 488.671539, -0.654191077, 4.41985684e-08, -0.756329298, 5.81664855e-11, 1, 5.83879469e-08, 0.756329298, 3.81528835e-08, -0.654191077)
wait(190.2)
game.Players.LocalPlayer.Character.HumanoidRootPart.CFrame = CFrame.new(-360.721344, 92.1037216, 527.855469, -0.933329761, 3.88909989e-08, -0.359020293, 1.45099408e-08, 1, 7.06044787e-08, 0.359020293, 6.06878956e-08, -0.933329761)
    wait(3.2)
    game:GetService("VirtualInputManager"):SendKeyEvent(true,"E",false,game)
task.wait(6.05)
wait(0.2)
game.Players.LocalPlayer.Character.HumanoidRootPart.CFrame = CFrame.new(-367.041443, 62.6479225, 488.671539, -0.654191077, 4.41985684e-08, -0.756329298, 5.81664855e-11, 1, 5.83879469e-08, 0.756329298, 3.81528835e-08, -0.654191077)
wait(190.2)
end)

Section:NewButton("ฟาร์มเงินที่นา", "ต้องมีเคียวเกี่ยวข้าว", function()
    game.Players.LocalPlayer.Character.HumanoidRootPart.CFrame = CFrame.new(180.256607, 63.2959938, 445.358002, -0.0413918346, -2.15554383e-08, -0.999143004, -3.67183119e-08, 1, -2.00527843e-08, 0.999143004, 3.58568251e-08, -0.0413918346)
    wait(1.2)
    game.Players.LocalPlayer.Character.HumanoidRootPart.CFrame = CFrame.new(203.173294, 63.2959976, 462.304474, -0.559152842, -8.73647377e-09, -0.829064608, -5.35975841e-09, 1, -6.92292224e-09, 0.829064608, 5.72614289e-10, -0.559152842)
    wait(1.2)
    game.Players.LocalPlayer.Character.HumanoidRootPart.CFrame = CFrame.new(202.688812, 63.2959938, 484.175018, 0.279259026, 2.53249972e-08, 0.960215807, -6.16561096e-08, 1, -8.4428633e-09, -0.960215807, -5.68454261e-08, 0.279259026)
    wait(1.2)
    game.Players.LocalPlayer.Character.HumanoidRootPart.CFrame = CFrame.new(177.813492, 63.2959938, 483.542664, 0.991454244, 2.55980499e-08, 0.130454943, -2.47217056e-08, 1, -8.33705194e-09, -0.130454943, 5.04073672e-09, 0.991454244)
    wait(1.2)
    game.Players.LocalPlayer.Character.HumanoidRootPart.CFrame = CFrame.new(154.805664, 63.2959938, 500.779419, 0.996063828, -3.10057047e-08, 0.0886386037, 2.71928009e-08, 1, 4.42238175e-08, -0.0886386037, -4.16394172e-08, 0.996063828)
    wait(1.2)
    game.Players.LocalPlayer.Character.HumanoidRootPart.CFrame = CFrame.new(155.088852, 63.2959938, 542.723755, -0.992466092, 1.27345992e-08, 0.122519828, 1.53209232e-08, 1, 2.01673238e-08, -0.122519828, 2.18925003e-08, -0.992466092)
    wait(1.2)
    game.Players.LocalPlayer.Character.HumanoidRootPart.CFrame = CFrame.new(177.185242, 63.2959976, 526.216492, 0.691465735, -4.5422075e-09, -0.722409248, -5.40144551e-09, 1, -1.14576633e-08, 0.722409248, 1.18246355e-08, 0.691465735)
    wait(1.2)
    game.Players.LocalPlayer.Character.HumanoidRootPart.CFrame = CFrame.new(202.741058, 63.2959938, 543.056641, -0.72722578, 6.3328649e-08, -0.686398327, 3.9532404e-09, 1, 8.8073854e-08, 0.686398327, 6.13360811e-08, -0.72722578)
    wait(1.2)
    game.Players.LocalPlayer.Character.HumanoidRootPart.CFrame = CFrame.new(224.767181, 63.2959938, 526.674316, 0.570414722, -3.54032736e-09, -0.821356833, -5.30754773e-09, 1, -7.99631827e-09, 0.821356833, 8.92060825e-09, 0.570414722)
    wait(1.2)
    game.Players.LocalPlayer.Character.HumanoidRootPart.CFrame = CFrame.new(225.216125, 63.2959938, 501.162537, 0.956523418, 1.19502971e-07, -0.291655481, -1.11159018e-07, 1, 4.51792097e-08, 0.291655481, -1.07948335e-08, 0.956523418)
    wait(1.2)
    game.Players.LocalPlayer.Character.HumanoidRootPart.CFrame = CFrame.new(180.256607, 63.2959938, 445.358002, -0.0413918346, -2.15554383e-08, -0.999143004, -3.67183119e-08, 1, -2.00527843e-08, 0.999143004, 3.58568251e-08, -0.0413918346)
    wait(1.2)
    game.Players.LocalPlayer.Character.HumanoidRootPart.CFrame = CFrame.new(203.173294, 63.2959976, 462.304474, -0.559152842, -8.73647377e-09, -0.829064608, -5.35975841e-09, 1, -6.92292224e-09, 0.829064608, 5.72614289e-10, -0.559152842)
    wait(1.2)
    game.Players.LocalPlayer.Character.HumanoidRootPart.CFrame = CFrame.new(202.688812, 63.2959938, 484.175018, 0.279259026, 2.53249972e-08, 0.960215807, -6.16561096e-08, 1, -8.4428633e-09, -0.960215807, -5.68454261e-08, 0.279259026)
    wait(1.2)
    game.Players.LocalPlayer.Character.HumanoidRootPart.CFrame = CFrame.new(177.813492, 63.2959938, 483.542664, 0.991454244, 2.55980499e-08, 0.130454943, -2.47217056e-08, 1, -8.33705194e-09, -0.130454943, 5.04073672e-09, 0.991454244)
    wait(1.2)
    game.Players.LocalPlayer.Character.HumanoidRootPart.CFrame = CFrame.new(154.805664, 63.2959938, 500.779419, 0.996063828, -3.10057047e-08, 0.0886386037, 2.71928009e-08, 1, 4.42238175e-08, -0.0886386037, -4.16394172e-08, 0.996063828)
    wait(1.2)
    game.Players.LocalPlayer.Character.HumanoidRootPart.CFrame = CFrame.new(155.088852, 63.2959938, 542.723755, -0.992466092, 1.27345992e-08, 0.122519828, 1.53209232e-08, 1, 2.01673238e-08, -0.122519828, 2.18925003e-08, -0.992466092)
    wait(1.2)
    game.Players.LocalPlayer.Character.HumanoidRootPart.CFrame = CFrame.new(177.185242, 63.2959976, 526.216492, 0.691465735, -4.5422075e-09, -0.722409248, -5.40144551e-09, 1, -1.14576633e-08, 0.722409248, 1.18246355e-08, 0.691465735)
    wait(1.2)
    game.Players.LocalPlayer.Character.HumanoidRootPart.CFrame = CFrame.new(202.741058, 63.2959938, 543.056641, -0.72722578, 6.3328649e-08, -0.686398327, 3.9532404e-09, 1, 8.8073854e-08, 0.686398327, 6.13360811e-08, -0.72722578)
    wait(1.2)
    game.Players.LocalPlayer.Character.HumanoidRootPart.CFrame = CFrame.new(224.767181, 63.2959938, 526.674316, 0.570414722, -3.54032736e-09, -0.821356833, -5.30754773e-09, 1, -7.99631827e-09, 0.821356833, 8.92060825e-09, 0.570414722)
    wait(1.2)
    game.Players.LocalPlayer.Character.HumanoidRootPart.CFrame = CFrame.new(225.216125, 63.2959938, 501.162537, 0.956523418, 1.19502971e-07, -0.291655481, -1.11159018e-07, 1, 4.51792097e-08, 0.291655481, -1.07948335e-08, 0.956523418)
    wait(1.2)
    game.Players.LocalPlayer.Character.HumanoidRootPart.CFrame = CFrame.new(180.256607, 63.2959938, 445.358002, -0.0413918346, -2.15554383e-08, -0.999143004, -3.67183119e-08, 1, -2.00527843e-08, 0.999143004, 3.58568251e-08, -0.0413918346)
    wait(1.2)
    game.Players.LocalPlayer.Character.HumanoidRootPart.CFrame = CFrame.new(203.173294, 63.2959976, 462.304474, -0.559152842, -8.73647377e-09, -0.829064608, -5.35975841e-09, 1, -6.92292224e-09, 0.829064608, 5.72614289e-10, -0.559152842)
    wait(1.2)
    game.Players.LocalPlayer.Character.HumanoidRootPart.CFrame = CFrame.new(202.688812, 63.2959938, 484.175018, 0.279259026, 2.53249972e-08, 0.960215807, -6.16561096e-08, 1, -8.4428633e-09, -0.960215807, -5.68454261e-08, 0.279259026)
    wait(1.2)
    game.Players.LocalPlayer.Character.HumanoidRootPart.CFrame = CFrame.new(177.813492, 63.2959938, 483.542664, 0.991454244, 2.55980499e-08, 0.130454943, -2.47217056e-08, 1, -8.33705194e-09, -0.130454943, 5.04073672e-09, 0.991454244)
    wait(1.2)
    game.Players.LocalPlayer.Character.HumanoidRootPart.CFrame = CFrame.new(154.805664, 63.2959938, 500.779419, 0.996063828, -3.10057047e-08, 0.0886386037, 2.71928009e-08, 1, 4.42238175e-08, -0.0886386037, -4.16394172e-08, 0.996063828)
    wait(1.2)
    game.Players.LocalPlayer.Character.HumanoidRootPart.CFrame = CFrame.new(155.088852, 63.2959938, 542.723755, -0.992466092, 1.27345992e-08, 0.122519828, 1.53209232e-08, 1, 2.01673238e-08, -0.122519828, 2.18925003e-08, -0.992466092)
    wait(1.2)
    game.Players.LocalPlayer.Character.HumanoidRootPart.CFrame = CFrame.new(177.185242, 63.2959976, 526.216492, 0.691465735, -4.5422075e-09, -0.722409248, -5.40144551e-09, 1, -1.14576633e-08, 0.722409248, 1.18246355e-08, 0.691465735)
    wait(1.2)
    game.Players.LocalPlayer.Character.HumanoidRootPart.CFrame = CFrame.new(202.741058, 63.2959938, 543.056641, -0.72722578, 6.3328649e-08, -0.686398327, 3.9532404e-09, 1, 8.8073854e-08, 0.686398327, 6.13360811e-08, -0.72722578)
    wait(1.2)
    game.Players.LocalPlayer.Character.HumanoidRootPart.CFrame = CFrame.new(224.767181, 63.2959938, 526.674316, 0.570414722, -3.54032736e-09, -0.821356833, -5.30754773e-09, 1, -7.99631827e-09, 0.821356833, 8.92060825e-09, 0.570414722)
    wait(1.2)
    game.Players.LocalPlayer.Character.HumanoidRootPart.CFrame = CFrame.new(225.216125, 63.2959938, 501.162537, 0.956523418, 1.19502971e-07, -0.291655481, -1.11159018e-07, 1, 4.51792097e-08, 0.291655481, -1.07948335e-08, 0.956523418)
    wait(1.2)
    game.Players.LocalPlayer.Character.HumanoidRootPart.CFrame = CFrame.new(180.256607, 63.2959938, 445.358002, -0.0413918346, -2.15554383e-08, -0.999143004, -3.67183119e-08, 1, -2.00527843e-08, 0.999143004, 3.58568251e-08, -0.0413918346)
    wait(1.2)
    game.Players.LocalPlayer.Character.HumanoidRootPart.CFrame = CFrame.new(203.173294, 63.2959976, 462.304474, -0.559152842, -8.73647377e-09, -0.829064608, -5.35975841e-09, 1, -6.92292224e-09, 0.829064608, 5.72614289e-10, -0.559152842)
    wait(1.2)
    game.Players.LocalPlayer.Character.HumanoidRootPart.CFrame = CFrame.new(202.688812, 63.2959938, 484.175018, 0.279259026, 2.53249972e-08, 0.960215807, -6.16561096e-08, 1, -8.4428633e-09, -0.960215807, -5.68454261e-08, 0.279259026)
    wait(1.2)
    game.Players.LocalPlayer.Character.HumanoidRootPart.CFrame = CFrame.new(177.813492, 63.2959938, 483.542664, 0.991454244, 2.55980499e-08, 0.130454943, -2.47217056e-08, 1, -8.33705194e-09, -0.130454943, 5.04073672e-09, 0.991454244)
    wait(1.2)
    game.Players.LocalPlayer.Character.HumanoidRootPart.CFrame = CFrame.new(154.805664, 63.2959938, 500.779419, 0.996063828, -3.10057047e-08, 0.0886386037, 2.71928009e-08, 1, 4.42238175e-08, -0.0886386037, -4.16394172e-08, 0.996063828)
    wait(1.2)
    game.Players.LocalPlayer.Character.HumanoidRootPart.CFrame = CFrame.new(155.088852, 63.2959938, 542.723755, -0.992466092, 1.27345992e-08, 0.122519828, 1.53209232e-08, 1, 2.01673238e-08, -0.122519828, 2.18925003e-08, -0.992466092)
    wait(1.2)
    game.Players.LocalPlayer.Character.HumanoidRootPart.CFrame = CFrame.new(177.185242, 63.2959976, 526.216492, 0.691465735, -4.5422075e-09, -0.722409248, -5.40144551e-09, 1, -1.14576633e-08, 0.722409248, 1.18246355e-08, 0.691465735)
    wait(1.2)
    game.Players.LocalPlayer.Character.HumanoidRootPart.CFrame = CFrame.new(202.741058, 63.2959938, 543.056641, -0.72722578, 6.3328649e-08, -0.686398327, 3.9532404e-09, 1, 8.8073854e-08, 0.686398327, 6.13360811e-08, -0.72722578)
    wait(1.2)
    game.Players.LocalPlayer.Character.HumanoidRootPart.CFrame = CFrame.new(224.767181, 63.2959938, 526.674316, 0.570414722, -3.54032736e-09, -0.821356833, -5.30754773e-09, 1, -7.99631827e-09, 0.821356833, 8.92060825e-09, 0.570414722)
    wait(1.2)
    game.Players.LocalPlayer.Character.HumanoidRootPart.CFrame = CFrame.new(225.216125, 63.2959938, 501.162537, 0.956523418, 1.19502971e-07, -0.291655481, -1.11159018e-07, 1, 4.51792097e-08, 0.291655481, -1.07948335e-08, 0.956523418)
    wait(1.2)
