local Library = loadstring(game:HttpGet("https://raw.githubusercontent.com/xHeptc/Kavo-UI-Library/main/source.lua"))()
local Window = Library.CreateLib("Fu Kang Hub Next Generation | Project 4King Training", "Ocean")

local Tab = Window:NewTab("Farm")
local Section = Tab:NewSection("Farm")

Section:NewButton("ขุดเเร่", "Fu Kang Hub Next Generation", function()
    game.Players.LocalPlayer.Character.HumanoidRootPart.CFrame = CFrame.new(427.608795, 242.101669, 15296.2773, 0.992449641, 3.24589067e-08, -0.122652858, -4.3339714e-08, 1, -8.60442739e-08, 0.122652858, 9.07103512e-08, 0.992449641)
    wait(1.2)
    game:GetService("VirtualInputManager"):SendKeyEvent(true,"E",false,game)
task.wait(4.05)
wait(6.5)
game.Players.LocalPlayer.Character.HumanoidRootPart.CFrame = CFrame.new(444.751801, 242.898285, 15293.2305, 0.993958056, -2.82626922e-09, 0.109760687, -7.12119341e-09, 1, 9.02366537e-08, -0.109760687, -9.04730726e-08, 0.993958056)
    wait(1.2)
    game:GetService("VirtualInputManager"):SendKeyEvent(true,"E",false,game)
    task.wait(4.05)
    wait(6.5)
    game.Players.LocalPlayer.Character.HumanoidRootPart.CFrame = CFrame.new(427.608795, 242.101669, 15296.2773, 0.992449641, 3.24589067e-08, -0.122652858, -4.3339714e-08, 1, -8.60442739e-08, 0.122652858, 9.07103512e-08, 0.992449641)
    wait(1.2)
    game:GetService("VirtualInputManager"):SendKeyEvent(true,"E",false,game)
task.wait(4.05)
wait(6.5)
game.Players.LocalPlayer.Character.HumanoidRootPart.CFrame = CFrame.new(444.751801, 242.898285, 15293.2305, 0.993958056, -2.82626922e-09, 0.109760687, -7.12119341e-09, 1, 9.02366537e-08, -0.109760687, -9.04730726e-08, 0.993958056)
    wait(1.2)
    game:GetService("VirtualInputManager"):SendKeyEvent(true,"E",false,game)
    task.wait(4.05)
    wait(6.5)
    game.Players.LocalPlayer.Character.HumanoidRootPart.CFrame = CFrame.new(427.608795, 242.101669, 15296.2773, 0.992449641, 3.24589067e-08, -0.122652858, -4.3339714e-08, 1, -8.60442739e-08, 0.122652858, 9.07103512e-08, 0.992449641)
    wait(1.2)
    game:GetService("VirtualInputManager"):SendKeyEvent(true,"E",false,game)
task.wait(4.05)
wait(6.5)
game.Players.LocalPlayer.Character.HumanoidRootPart.CFrame = CFrame.new(444.751801, 242.898285, 15293.2305, 0.993958056, -2.82626922e-09, 0.109760687, -7.12119341e-09, 1, 9.02366537e-08, -0.109760687, -9.04730726e-08, 0.993958056)
    wait(1.2)
    game:GetService("VirtualInputManager"):SendKeyEvent(true,"E",false,game)
    task.wait(4.05)
    wait(6.5)
    game.Players.LocalPlayer.Character.HumanoidRootPart.CFrame = CFrame.new(427.608795, 242.101669, 15296.2773, 0.992449641, 3.24589067e-08, -0.122652858, -4.3339714e-08, 1, -8.60442739e-08, 0.122652858, 9.07103512e-08, 0.992449641)
    wait(1.2)
    game:GetService("VirtualInputManager"):SendKeyEvent(true,"E",false,game)
task.wait(4.05)
wait(6.5)
game.Players.LocalPlayer.Character.HumanoidRootPart.CFrame = CFrame.new(444.751801, 242.898285, 15293.2305, 0.993958056, -2.82626922e-09, 0.109760687, -7.12119341e-09, 1, 9.02366537e-08, -0.109760687, -9.04730726e-08, 0.993958056)
    wait(1.2)
    game:GetService("VirtualInputManager"):SendKeyEvent(true,"E",false,game)
    task.wait(4.05)
    wait(6.5)
    game.Players.LocalPlayer.Character.HumanoidRootPart.CFrame = CFrame.new(427.608795, 242.101669, 15296.2773, 0.992449641, 3.24589067e-08, -0.122652858, -4.3339714e-08, 1, -8.60442739e-08, 0.122652858, 9.07103512e-08, 0.992449641)
    wait(1.2)
    game:GetService("VirtualInputManager"):SendKeyEvent(true,"E",false,game)
task.wait(4.05)
wait(6.5)
game.Players.LocalPlayer.Character.HumanoidRootPart.CFrame = CFrame.new(444.751801, 242.898285, 15293.2305, 0.993958056, -2.82626922e-09, 0.109760687, -7.12119341e-09, 1, 9.02366537e-08, -0.109760687, -9.04730726e-08, 0.993958056)
    wait(1.2)
    game:GetService("VirtualInputManager"):SendKeyEvent(true,"E",false,game)
    task.wait(4.05)
    wait(6.5)
    game.Players.LocalPlayer.Character.HumanoidRootPart.CFrame = CFrame.new(427.608795, 242.101669, 15296.2773, 0.992449641, 3.24589067e-08, -0.122652858, -4.3339714e-08, 1, -8.60442739e-08, 0.122652858, 9.07103512e-08, 0.992449641)
    wait(1.2)
    game:GetService("VirtualInputManager"):SendKeyEvent(true,"E",false,game)
task.wait(4.05)
wait(6.5)
game.Players.LocalPlayer.Character.HumanoidRootPart.CFrame = CFrame.new(444.751801, 242.898285, 15293.2305, 0.993958056, -2.82626922e-09, 0.109760687, -7.12119341e-09, 1, 9.02366537e-08, -0.109760687, -9.04730726e-08, 0.993958056)
    wait(1.2)
    game:GetService("VirtualInputManager"):SendKeyEvent(true,"E",false,game)
    task.wait(4.05)
    wait(6.5)
    game.Players.LocalPlayer.Character.HumanoidRootPart.CFrame = CFrame.new(427.608795, 242.101669, 15296.2773, 0.992449641, 3.24589067e-08, -0.122652858, -4.3339714e-08, 1, -8.60442739e-08, 0.122652858, 9.07103512e-08, 0.992449641)
    wait(1.2)
    game:GetService("VirtualInputManager"):SendKeyEvent(true,"E",false,game)
task.wait(4.05)
wait(6.5)
game.Players.LocalPlayer.Character.HumanoidRootPart.CFrame = CFrame.new(444.751801, 242.898285, 15293.2305, 0.993958056, -2.82626922e-09, 0.109760687, -7.12119341e-09, 1, 9.02366537e-08, -0.109760687, -9.04730726e-08, 0.993958056)
    wait(1.2)
    game:GetService("VirtualInputManager"):SendKeyEvent(true,"E",false,game)
    task.wait(4.05)
    wait(6.5)
    game.Players.LocalPlayer.Character.HumanoidRootPart.CFrame = CFrame.new(427.608795, 242.101669, 15296.2773, 0.992449641, 3.24589067e-08, -0.122652858, -4.3339714e-08, 1, -8.60442739e-08, 0.122652858, 9.07103512e-08, 0.992449641)
    wait(1.2)
    game:GetService("VirtualInputManager"):SendKeyEvent(true,"E",false,game)
task.wait(4.05)
wait(6.5)
game.Players.LocalPlayer.Character.HumanoidRootPart.CFrame = CFrame.new(444.751801, 242.898285, 15293.2305, 0.993958056, -2.82626922e-09, 0.109760687, -7.12119341e-09, 1, 9.02366537e-08, -0.109760687, -9.04730726e-08, 0.993958056)
    wait(1.2)
    game:GetService("VirtualInputManager"):SendKeyEvent(true,"E",false,game)
    task.wait(4.05)
    wait(6.5)
    game.Players.LocalPlayer.Character.HumanoidRootPart.CFrame = CFrame.new(427.608795, 242.101669, 15296.2773, 0.992449641, 3.24589067e-08, -0.122652858, -4.3339714e-08, 1, -8.60442739e-08, 0.122652858, 9.07103512e-08, 0.992449641)
    wait(1.2)
    game:GetService("VirtualInputManager"):SendKeyEvent(true,"E",false,game)
task.wait(4.05)
wait(6.5)
game.Players.LocalPlayer.Character.HumanoidRootPart.CFrame = CFrame.new(444.751801, 242.898285, 15293.2305, 0.993958056, -2.82626922e-09, 0.109760687, -7.12119341e-09, 1, 9.02366537e-08, -0.109760687, -9.04730726e-08, 0.993958056)
    wait(1.2)
    game:GetService("VirtualInputManager"):SendKeyEvent(true,"E",false,game)
    task.wait(4.05)
    wait(6.5)
    game.Players.LocalPlayer.Character.HumanoidRootPart.CFrame = CFrame.new(427.608795, 242.101669, 15296.2773, 0.992449641, 3.24589067e-08, -0.122652858, -4.3339714e-08, 1, -8.60442739e-08, 0.122652858, 9.07103512e-08, 0.992449641)
    wait(1.2)
    game:GetService("VirtualInputManager"):SendKeyEvent(true,"E",false,game)
task.wait(4.05)
wait(6.5)
game.Players.LocalPlayer.Character.HumanoidRootPart.CFrame = CFrame.new(444.751801, 242.898285, 15293.2305, 0.993958056, -2.82626922e-09, 0.109760687, -7.12119341e-09, 1, 9.02366537e-08, -0.109760687, -9.04730726e-08, 0.993958056)
    wait(1.2)
    game:GetService("VirtualInputManager"):SendKeyEvent(true,"E",false,game)
    task.wait(4.05)
    wait(6.5)
    game.Players.LocalPlayer.Character.HumanoidRootPart.CFrame = CFrame.new(427.608795, 242.101669, 15296.2773, 0.992449641, 3.24589067e-08, -0.122652858, -4.3339714e-08, 1, -8.60442739e-08, 0.122652858, 9.07103512e-08, 0.992449641)
    wait(1.2)
    game:GetService("VirtualInputManager"):SendKeyEvent(true,"E",false,game)
task.wait(4.05)
wait(6.5)
game.Players.LocalPlayer.Character.HumanoidRootPart.CFrame = CFrame.new(444.751801, 242.898285, 15293.2305, 0.993958056, -2.82626922e-09, 0.109760687, -7.12119341e-09, 1, 9.02366537e-08, -0.109760687, -9.04730726e-08, 0.993958056)
    wait(1.2)
    game:GetService("VirtualInputManager"):SendKeyEvent(true,"E",false,game)
    task.wait(4.05)
    wait(6.5)
    game.Players.LocalPlayer.Character.HumanoidRootPart.CFrame = CFrame.new(427.608795, 242.101669, 15296.2773, 0.992449641, 3.24589067e-08, -0.122652858, -4.3339714e-08, 1, -8.60442739e-08, 0.122652858, 9.07103512e-08, 0.992449641)
    wait(1.2)
    game:GetService("VirtualInputManager"):SendKeyEvent(true,"E",false,game)
task.wait(4.05)
wait(6.5)
game.Players.LocalPlayer.Character.HumanoidRootPart.CFrame = CFrame.new(444.751801, 242.898285, 15293.2305, 0.993958056, -2.82626922e-09, 0.109760687, -7.12119341e-09, 1, 9.02366537e-08, -0.109760687, -9.04730726e-08, 0.993958056)
    wait(1.2)
    game:GetService("VirtualInputManager"):SendKeyEvent(true,"E",false,game)
    task.wait(4.05)
    wait(6.5)
    game.Players.LocalPlayer.Character.HumanoidRootPart.CFrame = CFrame.new(427.608795, 242.101669, 15296.2773, 0.992449641, 3.24589067e-08, -0.122652858, -4.3339714e-08, 1, -8.60442739e-08, 0.122652858, 9.07103512e-08, 0.992449641)
    wait(1.2)
    game:GetService("VirtualInputManager"):SendKeyEvent(true,"E",false,game)
task.wait(4.05)
wait(6.5)
game.Players.LocalPlayer.Character.HumanoidRootPart.CFrame = CFrame.new(444.751801, 242.898285, 15293.2305, 0.993958056, -2.82626922e-09, 0.109760687, -7.12119341e-09, 1, 9.02366537e-08, -0.109760687, -9.04730726e-08, 0.993958056)
    wait(1.2)
    game:GetService("VirtualInputManager"):SendKeyEvent(true,"E",false,game)
    task.wait(4.05)
    wait(6.5)
    game.Players.LocalPlayer.Character.HumanoidRootPart.CFrame = CFrame.new(427.608795, 242.101669, 15296.2773, 0.992449641, 3.24589067e-08, -0.122652858, -4.3339714e-08, 1, -8.60442739e-08, 0.122652858, 9.07103512e-08, 0.992449641)
    wait(1.2)
    game:GetService("VirtualInputManager"):SendKeyEvent(true,"E",false,game)
task.wait(4.05)
wait(6.5)
game.Players.LocalPlayer.Character.HumanoidRootPart.CFrame = CFrame.new(444.751801, 242.898285, 15293.2305, 0.993958056, -2.82626922e-09, 0.109760687, -7.12119341e-09, 1, 9.02366537e-08, -0.109760687, -9.04730726e-08, 0.993958056)
    wait(1.2)
    game:GetService("VirtualInputManager"):SendKeyEvent(true,"E",false,game)
    task.wait(4.05)
    wait(6.5)
    game.Players.LocalPlayer.Character.HumanoidRootPart.CFrame = CFrame.new(427.608795, 242.101669, 15296.2773, 0.992449641, 3.24589067e-08, -0.122652858, -4.3339714e-08, 1, -8.60442739e-08, 0.122652858, 9.07103512e-08, 0.992449641)
    wait(1.2)
    game:GetService("VirtualInputManager"):SendKeyEvent(true,"E",false,game)
task.wait(4.05)
wait(6.5)
game.Players.LocalPlayer.Character.HumanoidRootPart.CFrame = CFrame.new(444.751801, 242.898285, 15293.2305, 0.993958056, -2.82626922e-09, 0.109760687, -7.12119341e-09, 1, 9.02366537e-08, -0.109760687, -9.04730726e-08, 0.993958056)
    wait(1.2)
    game:GetService("VirtualInputManager"):SendKeyEvent(true,"E",false,game)
    task.wait(4.05)
    wait(6.5)
    game.Players.LocalPlayer.Character.HumanoidRootPart.CFrame = CFrame.new(427.608795, 242.101669, 15296.2773, 0.992449641, 3.24589067e-08, -0.122652858, -4.3339714e-08, 1, -8.60442739e-08, 0.122652858, 9.07103512e-08, 0.992449641)
    wait(1.2)
    game:GetService("VirtualInputManager"):SendKeyEvent(true,"E",false,game)
task.wait(4.05)
wait(6.5)
game.Players.LocalPlayer.Character.HumanoidRootPart.CFrame = CFrame.new(444.751801, 242.898285, 15293.2305, 0.993958056, -2.82626922e-09, 0.109760687, -7.12119341e-09, 1, 9.02366537e-08, -0.109760687, -9.04730726e-08, 0.993958056)
    wait(1.2)
    game:GetService("VirtualInputManager"):SendKeyEvent(true,"E",false,game)
    task.wait(4.05)
    wait(6.5)
    game.Players.LocalPlayer.Character.HumanoidRootPart.CFrame = CFrame.new(427.608795, 242.101669, 15296.2773, 0.992449641, 3.24589067e-08, -0.122652858, -4.3339714e-08, 1, -8.60442739e-08, 0.122652858, 9.07103512e-08, 0.992449641)
    wait(1.2)
    game:GetService("VirtualInputManager"):SendKeyEvent(true,"E",false,game)
task.wait(4.05)
wait(6.5)
game.Players.LocalPlayer.Character.HumanoidRootPart.CFrame = CFrame.new(444.751801, 242.898285, 15293.2305, 0.993958056, -2.82626922e-09, 0.109760687, -7.12119341e-09, 1, 9.02366537e-08, -0.109760687, -9.04730726e-08, 0.993958056)
    wait(1.2)
    game:GetService("VirtualInputManager"):SendKeyEvent(true,"E",false,game)
    task.wait(4.05)
    wait(6.5)
    game.Players.LocalPlayer.Character.HumanoidRootPart.CFrame = CFrame.new(427.608795, 242.101669, 15296.2773, 0.992449641, 3.24589067e-08, -0.122652858, -4.3339714e-08, 1, -8.60442739e-08, 0.122652858, 9.07103512e-08, 0.992449641)
    wait(1.2)
    game:GetService("VirtualInputManager"):SendKeyEvent(true,"E",false,game)
task.wait(4.05)
wait(6.5)
game.Players.LocalPlayer.Character.HumanoidRootPart.CFrame = CFrame.new(444.751801, 242.898285, 15293.2305, 0.993958056, -2.82626922e-09, 0.109760687, -7.12119341e-09, 1, 9.02366537e-08, -0.109760687, -9.04730726e-08, 0.993958056)
    wait(1.2)
    game:GetService("VirtualInputManager"):SendKeyEvent(true,"E",false,game)
    task.wait(4.05)
    wait(6.5)
    game.Players.LocalPlayer.Character.HumanoidRootPart.CFrame = CFrame.new(427.608795, 242.101669, 15296.2773, 0.992449641, 3.24589067e-08, -0.122652858, -4.3339714e-08, 1, -8.60442739e-08, 0.122652858, 9.07103512e-08, 0.992449641)
    wait(1.2)
    game:GetService("VirtualInputManager"):SendKeyEvent(true,"E",false,game)
task.wait(4.05)
wait(6.5)
game.Players.LocalPlayer.Character.HumanoidRootPart.CFrame = CFrame.new(444.751801, 242.898285, 15293.2305, 0.993958056, -2.82626922e-09, 0.109760687, -7.12119341e-09, 1, 9.02366537e-08, -0.109760687, -9.04730726e-08, 0.993958056)
    wait(1.2)
    game:GetService("VirtualInputManager"):SendKeyEvent(true,"E",false,game)
    task.wait(4.05)
    wait(6.5)
    game.Players.LocalPlayer.Character.HumanoidRootPart.CFrame = CFrame.new(427.608795, 242.101669, 15296.2773, 0.992449641, 3.24589067e-08, -0.122652858, -4.3339714e-08, 1, -8.60442739e-08, 0.122652858, 9.07103512e-08, 0.992449641)
    wait(1.2)
    game:GetService("VirtualInputManager"):SendKeyEvent(true,"E",false,game)
task.wait(4.05)
wait(6.5)
game.Players.LocalPlayer.Character.HumanoidRootPart.CFrame = CFrame.new(444.751801, 242.898285, 15293.2305, 0.993958056, -2.82626922e-09, 0.109760687, -7.12119341e-09, 1, 9.02366537e-08, -0.109760687, -9.04730726e-08, 0.993958056)
    wait(1.2)
    game:GetService("VirtualInputManager"):SendKeyEvent(true,"E",false,game)
    task.wait(4.05)
    wait(6.5)
    game.Players.LocalPlayer.Character.HumanoidRootPart.CFrame = CFrame.new(427.608795, 242.101669, 15296.2773, 0.992449641, 3.24589067e-08, -0.122652858, -4.3339714e-08, 1, -8.60442739e-08, 0.122652858, 9.07103512e-08, 0.992449641)
    wait(1.2)
    game:GetService("VirtualInputManager"):SendKeyEvent(true,"E",false,game)
task.wait(4.05)
wait(6.5)
game.Players.LocalPlayer.Character.HumanoidRootPart.CFrame = CFrame.new(444.751801, 242.898285, 15293.2305, 0.993958056, -2.82626922e-09, 0.109760687, -7.12119341e-09, 1, 9.02366537e-08, -0.109760687, -9.04730726e-08, 0.993958056)
    wait(1.2)
    game:GetService("VirtualInputManager"):SendKeyEvent(true,"E",false,game)
    task.wait(4.05)
    wait(6.5)
    game.Players.LocalPlayer.Character.HumanoidRootPart.CFrame = CFrame.new(427.608795, 242.101669, 15296.2773, 0.992449641, 3.24589067e-08, -0.122652858, -4.3339714e-08, 1, -8.60442739e-08, 0.122652858, 9.07103512e-08, 0.992449641)
    wait(1.2)
    game:GetService("VirtualInputManager"):SendKeyEvent(true,"E",false,game)
task.wait(4.05)
wait(6.5)
game.Players.LocalPlayer.Character.HumanoidRootPart.CFrame = CFrame.new(444.751801, 242.898285, 15293.2305, 0.993958056, -2.82626922e-09, 0.109760687, -7.12119341e-09, 1, 9.02366537e-08, -0.109760687, -9.04730726e-08, 0.993958056)
    wait(1.2)
    game:GetService("VirtualInputManager"):SendKeyEvent(true,"E",false,game)
    task.wait(4.05)
    wait(6.5)
    game.Players.LocalPlayer.Character.HumanoidRootPart.CFrame = CFrame.new(427.608795, 242.101669, 15296.2773, 0.992449641, 3.24589067e-08, -0.122652858, -4.3339714e-08, 1, -8.60442739e-08, 0.122652858, 9.07103512e-08, 0.992449641)
    wait(1.2)
    game:GetService("VirtualInputManager"):SendKeyEvent(true,"E",false,game)
task.wait(4.05)
wait(6.5)
game.Players.LocalPlayer.Character.HumanoidRootPart.CFrame = CFrame.new(444.751801, 242.898285, 15293.2305, 0.993958056, -2.82626922e-09, 0.109760687, -7.12119341e-09, 1, 9.02366537e-08, -0.109760687, -9.04730726e-08, 0.993958056)
    wait(1.2)
    game:GetService("VirtualInputManager"):SendKeyEvent(true,"E",false,game)
    task.wait(4.05)
    wait(6.5)
    game.Players.LocalPlayer.Character.HumanoidRootPart.CFrame = CFrame.new(427.608795, 242.101669, 15296.2773, 0.992449641, 3.24589067e-08, -0.122652858, -4.3339714e-08, 1, -8.60442739e-08, 0.122652858, 9.07103512e-08, 0.992449641)
    wait(1.2)
    game:GetService("VirtualInputManager"):SendKeyEvent(true,"E",false,game)
task.wait(4.05)
wait(6.5)
game.Players.LocalPlayer.Character.HumanoidRootPart.CFrame = CFrame.new(444.751801, 242.898285, 15293.2305, 0.993958056, -2.82626922e-09, 0.109760687, -7.12119341e-09, 1, 9.02366537e-08, -0.109760687, -9.04730726e-08, 0.993958056)
    wait(1.2)
    game:GetService("VirtualInputManager"):SendKeyEvent(true,"E",false,game)
    task.wait(4.05)
    wait(6.5)
    game.Players.LocalPlayer.Character.HumanoidRootPart.CFrame = CFrame.new(427.608795, 242.101669, 15296.2773, 0.992449641, 3.24589067e-08, -0.122652858, -4.3339714e-08, 1, -8.60442739e-08, 0.122652858, 9.07103512e-08, 0.992449641)
    wait(1.2)
    game:GetService("VirtualInputManager"):SendKeyEvent(true,"E",false,game)
task.wait(4.05)
wait(6.5)
game.Players.LocalPlayer.Character.HumanoidRootPart.CFrame = CFrame.new(444.751801, 242.898285, 15293.2305, 0.993958056, -2.82626922e-09, 0.109760687, -7.12119341e-09, 1, 9.02366537e-08, -0.109760687, -9.04730726e-08, 0.993958056)
    wait(1.2)
    game:GetService("VirtualInputManager"):SendKeyEvent(true,"E",false,game)
    task.wait(4.05)
    wait(6.5)
    game.Players.LocalPlayer.Character.HumanoidRootPart.CFrame = CFrame.new(427.608795, 242.101669, 15296.2773, 0.992449641, 3.24589067e-08, -0.122652858, -4.3339714e-08, 1, -8.60442739e-08, 0.122652858, 9.07103512e-08, 0.992449641)
    wait(1.2)
    game:GetService("VirtualInputManager"):SendKeyEvent(true,"E",false,game)
task.wait(4.05)
wait(6.5)
game.Players.LocalPlayer.Character.HumanoidRootPart.CFrame = CFrame.new(444.751801, 242.898285, 15293.2305, 0.993958056, -2.82626922e-09, 0.109760687, -7.12119341e-09, 1, 9.02366537e-08, -0.109760687, -9.04730726e-08, 0.993958056)
    wait(1.2)
    game:GetService("VirtualInputManager"):SendKeyEvent(true,"E",false,game)
    task.wait(4.05)
    wait(6.5)
    game.Players.LocalPlayer.Character.HumanoidRootPart.CFrame = CFrame.new(427.608795, 242.101669, 15296.2773, 0.992449641, 3.24589067e-08, -0.122652858, -4.3339714e-08, 1, -8.60442739e-08, 0.122652858, 9.07103512e-08, 0.992449641)
    wait(1.2)
    game:GetService("VirtualInputManager"):SendKeyEvent(true,"E",false,game)
task.wait(4.05)
wait(6.5)
game.Players.LocalPlayer.Character.HumanoidRootPart.CFrame = CFrame.new(444.751801, 242.898285, 15293.2305, 0.993958056, -2.82626922e-09, 0.109760687, -7.12119341e-09, 1, 9.02366537e-08, -0.109760687, -9.04730726e-08, 0.993958056)
    wait(1.2)
    game:GetService("VirtualInputManager"):SendKeyEvent(true,"E",false,game)
    task.wait(4.05)
    wait(6.5)
    game.Players.LocalPlayer.Character.HumanoidRootPart.CFrame = CFrame.new(427.608795, 242.101669, 15296.2773, 0.992449641, 3.24589067e-08, -0.122652858, -4.3339714e-08, 1, -8.60442739e-08, 0.122652858, 9.07103512e-08, 0.992449641)
    wait(1.2)
    game:GetService("VirtualInputManager"):SendKeyEvent(true,"E",false,game)
task.wait(4.05)
wait(6.5)
game.Players.LocalPlayer.Character.HumanoidRootPart.CFrame = CFrame.new(444.751801, 242.898285, 15293.2305, 0.993958056, -2.82626922e-09, 0.109760687, -7.12119341e-09, 1, 9.02366537e-08, -0.109760687, -9.04730726e-08, 0.993958056)
    wait(1.2)
    game:GetService("VirtualInputManager"):SendKeyEvent(true,"E",false,game)
    task.wait(4.05)
    wait(6.5)
    game.Players.LocalPlayer.Character.HumanoidRootPart.CFrame = CFrame.new(427.608795, 242.101669, 15296.2773, 0.992449641, 3.24589067e-08, -0.122652858, -4.3339714e-08, 1, -8.60442739e-08, 0.122652858, 9.07103512e-08, 0.992449641)
    wait(1.2)
    game:GetService("VirtualInputManager"):SendKeyEvent(true,"E",false,game)
task.wait(4.05)
wait(6.5)
game.Players.LocalPlayer.Character.HumanoidRootPart.CFrame = CFrame.new(444.751801, 242.898285, 15293.2305, 0.993958056, -2.82626922e-09, 0.109760687, -7.12119341e-09, 1, 9.02366537e-08, -0.109760687, -9.04730726e-08, 0.993958056)
    wait(1.2)
    game:GetService("VirtualInputManager"):SendKeyEvent(true,"E",false,game)
    task.wait(4.05)
    wait(6.5)
    game.Players.LocalPlayer.Character.HumanoidRootPart.CFrame = CFrame.new(427.608795, 242.101669, 15296.2773, 0.992449641, 3.24589067e-08, -0.122652858, -4.3339714e-08, 1, -8.60442739e-08, 0.122652858, 9.07103512e-08, 0.992449641)
    wait(1.2)
    game:GetService("VirtualInputManager"):SendKeyEvent(true,"E",false,game)
task.wait(4.05)
wait(6.5)
game.Players.LocalPlayer.Character.HumanoidRootPart.CFrame = CFrame.new(444.751801, 242.898285, 15293.2305, 0.993958056, -2.82626922e-09, 0.109760687, -7.12119341e-09, 1, 9.02366537e-08, -0.109760687, -9.04730726e-08, 0.993958056)
    wait(1.2)
    game:GetService("VirtualInputManager"):SendKeyEvent(true,"E",false,game)
    task.wait(4.05)
    wait(6.5)
    game.Players.LocalPlayer.Character.HumanoidRootPart.CFrame = CFrame.new(427.608795, 242.101669, 15296.2773, 0.992449641, 3.24589067e-08, -0.122652858, -4.3339714e-08, 1, -8.60442739e-08, 0.122652858, 9.07103512e-08, 0.992449641)
    wait(1.2)
    game:GetService("VirtualInputManager"):SendKeyEvent(true,"E",false,game)
task.wait(4.05)
wait(6.5)
game.Players.LocalPlayer.Character.HumanoidRootPart.CFrame = CFrame.new(444.751801, 242.898285, 15293.2305, 0.993958056, -2.82626922e-09, 0.109760687, -7.12119341e-09, 1, 9.02366537e-08, -0.109760687, -9.04730726e-08, 0.993958056)
    wait(1.2)
    game:GetService("VirtualInputManager"):SendKeyEvent(true,"E",false,game)
    task.wait(4.05)
    wait(6.5)
    game.Players.LocalPlayer.Character.HumanoidRootPart.CFrame = CFrame.new(427.608795, 242.101669, 15296.2773, 0.992449641, 3.24589067e-08, -0.122652858, -4.3339714e-08, 1, -8.60442739e-08, 0.122652858, 9.07103512e-08, 0.992449641)
    wait(1.2)
    game:GetService("VirtualInputManager"):SendKeyEvent(true,"E",false,game)
task.wait(4.05)
wait(6.5)
game.Players.LocalPlayer.Character.HumanoidRootPart.CFrame = CFrame.new(444.751801, 242.898285, 15293.2305, 0.993958056, -2.82626922e-09, 0.109760687, -7.12119341e-09, 1, 9.02366537e-08, -0.109760687, -9.04730726e-08, 0.993958056)
    wait(1.2)
    game:GetService("VirtualInputManager"):SendKeyEvent(true,"E",false,game)
    task.wait(4.05)
    wait(6.5)
    game.Players.LocalPlayer.Character.HumanoidRootPart.CFrame = CFrame.new(427.608795, 242.101669, 15296.2773, 0.992449641, 3.24589067e-08, -0.122652858, -4.3339714e-08, 1, -8.60442739e-08, 0.122652858, 9.07103512e-08, 0.992449641)
    wait(1.2)
    game:GetService("VirtualInputManager"):SendKeyEvent(true,"E",false,game)
task.wait(4.05)
wait(6.5)
game.Players.LocalPlayer.Character.HumanoidRootPart.CFrame = CFrame.new(444.751801, 242.898285, 15293.2305, 0.993958056, -2.82626922e-09, 0.109760687, -7.12119341e-09, 1, 9.02366537e-08, -0.109760687, -9.04730726e-08, 0.993958056)
    wait(1.2)
    game:GetService("VirtualInputManager"):SendKeyEvent(true,"E",false,game)
    task.wait(4.05)
    wait(6.5)
    game.Players.LocalPlayer.Character.HumanoidRootPart.CFrame = CFrame.new(427.608795, 242.101669, 15296.2773, 0.992449641, 3.24589067e-08, -0.122652858, -4.3339714e-08, 1, -8.60442739e-08, 0.122652858, 9.07103512e-08, 0.992449641)
    wait(1.2)
    game:GetService("VirtualInputManager"):SendKeyEvent(true,"E",false,game)
task.wait(4.05)
wait(6.5)
game.Players.LocalPlayer.Character.HumanoidRootPart.CFrame = CFrame.new(444.751801, 242.898285, 15293.2305, 0.993958056, -2.82626922e-09, 0.109760687, -7.12119341e-09, 1, 9.02366537e-08, -0.109760687, -9.04730726e-08, 0.993958056)
    wait(1.2)
    game:GetService("VirtualInputManager"):SendKeyEvent(true,"E",false,game)
    task.wait(4.05)
    wait(6.5)
    game.Players.LocalPlayer.Character.HumanoidRootPart.CFrame = CFrame.new(427.608795, 242.101669, 15296.2773, 0.992449641, 3.24589067e-08, -0.122652858, -4.3339714e-08, 1, -8.60442739e-08, 0.122652858, 9.07103512e-08, 0.992449641)
    wait(1.2)
    game:GetService("VirtualInputManager"):SendKeyEvent(true,"E",false,game)
task.wait(4.05)
wait(6.5)
game.Players.LocalPlayer.Character.HumanoidRootPart.CFrame = CFrame.new(444.751801, 242.898285, 15293.2305, 0.993958056, -2.82626922e-09, 0.109760687, -7.12119341e-09, 1, 9.02366537e-08, -0.109760687, -9.04730726e-08, 0.993958056)
    wait(1.2)
    game:GetService("VirtualInputManager"):SendKeyEvent(true,"E",false,game)
    task.wait(4.05)
    wait(6.5)
    game.Players.LocalPlayer.Character.HumanoidRootPart.CFrame = CFrame.new(427.608795, 242.101669, 15296.2773, 0.992449641, 3.24589067e-08, -0.122652858, -4.3339714e-08, 1, -8.60442739e-08, 0.122652858, 9.07103512e-08, 0.992449641)
    wait(1.2)
    game:GetService("VirtualInputManager"):SendKeyEvent(true,"E",false,game)
task.wait(4.05)
wait(6.5)
game.Players.LocalPlayer.Character.HumanoidRootPart.CFrame = CFrame.new(444.751801, 242.898285, 15293.2305, 0.993958056, -2.82626922e-09, 0.109760687, -7.12119341e-09, 1, 9.02366537e-08, -0.109760687, -9.04730726e-08, 0.993958056)
    wait(1.2)
    game:GetService("VirtualInputManager"):SendKeyEvent(true,"E",false,game)
    task.wait(4.05)
    wait(6.5)
    game.Players.LocalPlayer.Character.HumanoidRootPart.CFrame = CFrame.new(427.608795, 242.101669, 15296.2773, 0.992449641, 3.24589067e-08, -0.122652858, -4.3339714e-08, 1, -8.60442739e-08, 0.122652858, 9.07103512e-08, 0.992449641)
    wait(1.2)
    game:GetService("VirtualInputManager"):SendKeyEvent(true,"E",false,game)
task.wait(4.05)
wait(6.5)
game.Players.LocalPlayer.Character.HumanoidRootPart.CFrame = CFrame.new(444.751801, 242.898285, 15293.2305, 0.993958056, -2.82626922e-09, 0.109760687, -7.12119341e-09, 1, 9.02366537e-08, -0.109760687, -9.04730726e-08, 0.993958056)
    wait(1.2)
    game:GetService("VirtualInputManager"):SendKeyEvent(true,"E",false,game)
    task.wait(4.05)
    wait(6.5)
    game.Players.LocalPlayer.Character.HumanoidRootPart.CFrame = CFrame.new(427.608795, 242.101669, 15296.2773, 0.992449641, 3.24589067e-08, -0.122652858, -4.3339714e-08, 1, -8.60442739e-08, 0.122652858, 9.07103512e-08, 0.992449641)
    wait(1.2)
    game:GetService("VirtualInputManager"):SendKeyEvent(true,"E",false,game)
task.wait(4.05)
wait(6.5)
game.Players.LocalPlayer.Character.HumanoidRootPart.CFrame = CFrame.new(444.751801, 242.898285, 15293.2305, 0.993958056, -2.82626922e-09, 0.109760687, -7.12119341e-09, 1, 9.02366537e-08, -0.109760687, -9.04730726e-08, 0.993958056)
    wait(1.2)
    game:GetService("VirtualInputManager"):SendKeyEvent(true,"E",false,game)
    task.wait(4.05)
    wait(6.5)
    game.Players.LocalPlayer.Character.HumanoidRootPart.CFrame = CFrame.new(427.608795, 242.101669, 15296.2773, 0.992449641, 3.24589067e-08, -0.122652858, -4.3339714e-08, 1, -8.60442739e-08, 0.122652858, 9.07103512e-08, 0.992449641)
    wait(1.2)
    game:GetService("VirtualInputManager"):SendKeyEvent(true,"E",false,game)
task.wait(4.05)
wait(6.5)
game.Players.LocalPlayer.Character.HumanoidRootPart.CFrame = CFrame.new(444.751801, 242.898285, 15293.2305, 0.993958056, -2.82626922e-09, 0.109760687, -7.12119341e-09, 1, 9.02366537e-08, -0.109760687, -9.04730726e-08, 0.993958056)
    wait(1.2)
    game:GetService("VirtualInputManager"):SendKeyEvent(true,"E",false,game)
    task.wait(4.05)
    wait(6.5)
    game.Players.LocalPlayer.Character.HumanoidRootPart.CFrame = CFrame.new(427.608795, 242.101669, 15296.2773, 0.992449641, 3.24589067e-08, -0.122652858, -4.3339714e-08, 1, -8.60442739e-08, 0.122652858, 9.07103512e-08, 0.992449641)
    wait(1.2)
    game:GetService("VirtualInputManager"):SendKeyEvent(true,"E",false,game)
task.wait(4.05)
wait(6.5)
game.Players.LocalPlayer.Character.HumanoidRootPart.CFrame = CFrame.new(444.751801, 242.898285, 15293.2305, 0.993958056, -2.82626922e-09, 0.109760687, -7.12119341e-09, 1, 9.02366537e-08, -0.109760687, -9.04730726e-08, 0.993958056)
    wait(1.2)
    game:GetService("VirtualInputManager"):SendKeyEvent(true,"E",false,game)
    task.wait(4.05)
    wait(6.5)
    game.Players.LocalPlayer.Character.HumanoidRootPart.CFrame = CFrame.new(427.608795, 242.101669, 15296.2773, 0.992449641, 3.24589067e-08, -0.122652858, -4.3339714e-08, 1, -8.60442739e-08, 0.122652858, 9.07103512e-08, 0.992449641)
    wait(1.2)
    game:GetService("VirtualInputManager"):SendKeyEvent(true,"E",false,game)
task.wait(4.05)
wait(6.5)
game.Players.LocalPlayer.Character.HumanoidRootPart.CFrame = CFrame.new(444.751801, 242.898285, 15293.2305, 0.993958056, -2.82626922e-09, 0.109760687, -7.12119341e-09, 1, 9.02366537e-08, -0.109760687, -9.04730726e-08, 0.993958056)
    wait(1.2)
    game:GetService("VirtualInputManager"):SendKeyEvent(true,"E",false,game)
    task.wait(4.05)
    wait(6.5)
    game.Players.LocalPlayer.Character.HumanoidRootPart.CFrame = CFrame.new(427.608795, 242.101669, 15296.2773, 0.992449641, 3.24589067e-08, -0.122652858, -4.3339714e-08, 1, -8.60442739e-08, 0.122652858, 9.07103512e-08, 0.992449641)
    wait(1.2)
    game:GetService("VirtualInputManager"):SendKeyEvent(true,"E",false,game)
task.wait(4.05)
wait(6.5)
game.Players.LocalPlayer.Character.HumanoidRootPart.CFrame = CFrame.new(444.751801, 242.898285, 15293.2305, 0.993958056, -2.82626922e-09, 0.109760687, -7.12119341e-09, 1, 9.02366537e-08, -0.109760687, -9.04730726e-08, 0.993958056)
    wait(1.2)
    game:GetService("VirtualInputManager"):SendKeyEvent(true,"E",false,game)
    task.wait(4.05)
    wait(6.5)
    game.Players.LocalPlayer.Character.HumanoidRootPart.CFrame = CFrame.new(427.608795, 242.101669, 15296.2773, 0.992449641, 3.24589067e-08, -0.122652858, -4.3339714e-08, 1, -8.60442739e-08, 0.122652858, 9.07103512e-08, 0.992449641)
    wait(1.2)
    game:GetService("VirtualInputManager"):SendKeyEvent(true,"E",false,game)
task.wait(4.05)
wait(6.5)
game.Players.LocalPlayer.Character.HumanoidRootPart.CFrame = CFrame.new(444.751801, 242.898285, 15293.2305, 0.993958056, -2.82626922e-09, 0.109760687, -7.12119341e-09, 1, 9.02366537e-08, -0.109760687, -9.04730726e-08, 0.993958056)
    wait(1.2)
    game:GetService("VirtualInputManager"):SendKeyEvent(true,"E",false,game)
    task.wait(4.05)
    wait(6.5)
    game.Players.LocalPlayer.Character.HumanoidRootPart.CFrame = CFrame.new(427.608795, 242.101669, 15296.2773, 0.992449641, 3.24589067e-08, -0.122652858, -4.3339714e-08, 1, -8.60442739e-08, 0.122652858, 9.07103512e-08, 0.992449641)
    wait(1.2)
    game:GetService("VirtualInputManager"):SendKeyEvent(true,"E",false,game)
task.wait(4.05)
wait(6.5)
game.Players.LocalPlayer.Character.HumanoidRootPart.CFrame = CFrame.new(444.751801, 242.898285, 15293.2305, 0.993958056, -2.82626922e-09, 0.109760687, -7.12119341e-09, 1, 9.02366537e-08, -0.109760687, -9.04730726e-08, 0.993958056)
    wait(1.2)
    game:GetService("VirtualInputManager"):SendKeyEvent(true,"E",false,game)
    task.wait(4.05)
    wait(6.5)
    game.Players.LocalPlayer.Character.HumanoidRootPart.CFrame = CFrame.new(427.608795, 242.101669, 15296.2773, 0.992449641, 3.24589067e-08, -0.122652858, -4.3339714e-08, 1, -8.60442739e-08, 0.122652858, 9.07103512e-08, 0.992449641)
    wait(1.2)
    game:GetService("VirtualInputManager"):SendKeyEvent(true,"E",false,game)
task.wait(4.05)
wait(6.5)
game.Players.LocalPlayer.Character.HumanoidRootPart.CFrame = CFrame.new(444.751801, 242.898285, 15293.2305, 0.993958056, -2.82626922e-09, 0.109760687, -7.12119341e-09, 1, 9.02366537e-08, -0.109760687, -9.04730726e-08, 0.993958056)
    wait(1.2)
    game:GetService("VirtualInputManager"):SendKeyEvent(true,"E",false,game)
    task.wait(4.05)
    wait(6.5)
    game.Players.LocalPlayer.Character.HumanoidRootPart.CFrame = CFrame.new(427.608795, 242.101669, 15296.2773, 0.992449641, 3.24589067e-08, -0.122652858, -4.3339714e-08, 1, -8.60442739e-08, 0.122652858, 9.07103512e-08, 0.992449641)
    wait(1.2)
    game:GetService("VirtualInputManager"):SendKeyEvent(true,"E",false,game)
task.wait(4.05)
wait(6.5)
game.Players.LocalPlayer.Character.HumanoidRootPart.CFrame = CFrame.new(444.751801, 242.898285, 15293.2305, 0.993958056, -2.82626922e-09, 0.109760687, -7.12119341e-09, 1, 9.02366537e-08, -0.109760687, -9.04730726e-08, 0.993958056)
    wait(1.2)
    game:GetService("VirtualInputManager"):SendKeyEvent(true,"E",false,game)
    task.wait(4.05)
    wait(6.5)
    game.Players.LocalPlayer.Character.HumanoidRootPart.CFrame = CFrame.new(427.608795, 242.101669, 15296.2773, 0.992449641, 3.24589067e-08, -0.122652858, -4.3339714e-08, 1, -8.60442739e-08, 0.122652858, 9.07103512e-08, 0.992449641)
    wait(1.2)
    game:GetService("VirtualInputManager"):SendKeyEvent(true,"E",false,game)
task.wait(4.05)
wait(6.5)
game.Players.LocalPlayer.Character.HumanoidRootPart.CFrame = CFrame.new(444.751801, 242.898285, 15293.2305, 0.993958056, -2.82626922e-09, 0.109760687, -7.12119341e-09, 1, 9.02366537e-08, -0.109760687, -9.04730726e-08, 0.993958056)
    wait(1.2)
    game:GetService("VirtualInputManager"):SendKeyEvent(true,"E",false,game)
    task.wait(4.05)
    wait(6.5)
    game.Players.LocalPlayer.Character.HumanoidRootPart.CFrame = CFrame.new(427.608795, 242.101669, 15296.2773, 0.992449641, 3.24589067e-08, -0.122652858, -4.3339714e-08, 1, -8.60442739e-08, 0.122652858, 9.07103512e-08, 0.992449641)
    wait(1.2)
    game:GetService("VirtualInputManager"):SendKeyEvent(true,"E",false,game)
task.wait(4.05)
wait(6.5)
game.Players.LocalPlayer.Character.HumanoidRootPart.CFrame = CFrame.new(444.751801, 242.898285, 15293.2305, 0.993958056, -2.82626922e-09, 0.109760687, -7.12119341e-09, 1, 9.02366537e-08, -0.109760687, -9.04730726e-08, 0.993958056)
    wait(1.2)
    game:GetService("VirtualInputManager"):SendKeyEvent(true,"E",false,game)
    task.wait(4.05)
    wait(6.5)
    game.Players.LocalPlayer.Character.HumanoidRootPart.CFrame = CFrame.new(427.608795, 242.101669, 15296.2773, 0.992449641, 3.24589067e-08, -0.122652858, -4.3339714e-08, 1, -8.60442739e-08, 0.122652858, 9.07103512e-08, 0.992449641)
    wait(1.2)
    game:GetService("VirtualInputManager"):SendKeyEvent(true,"E",false,game)
task.wait(4.05)
wait(6.5)
game.Players.LocalPlayer.Character.HumanoidRootPart.CFrame = CFrame.new(444.751801, 242.898285, 15293.2305, 0.993958056, -2.82626922e-09, 0.109760687, -7.12119341e-09, 1, 9.02366537e-08, -0.109760687, -9.04730726e-08, 0.993958056)
    wait(1.2)
    game:GetService("VirtualInputManager"):SendKeyEvent(true,"E",false,game)
    task.wait(4.05)
    wait(6.5)
    game.Players.LocalPlayer.Character.HumanoidRootPart.CFrame = CFrame.new(427.608795, 242.101669, 15296.2773, 0.992449641, 3.24589067e-08, -0.122652858, -4.3339714e-08, 1, -8.60442739e-08, 0.122652858, 9.07103512e-08, 0.992449641)
    wait(1.2)
    game:GetService("VirtualInputManager"):SendKeyEvent(true,"E",false,game)
task.wait(4.05)
wait(6.5)
game.Players.LocalPlayer.Character.HumanoidRootPart.CFrame = CFrame.new(444.751801, 242.898285, 15293.2305, 0.993958056, -2.82626922e-09, 0.109760687, -7.12119341e-09, 1, 9.02366537e-08, -0.109760687, -9.04730726e-08, 0.993958056)
    wait(1.2)
    game:GetService("VirtualInputManager"):SendKeyEvent(true,"E",false,game)
    task.wait(4.05)
    wait(6.5)
    game.Players.LocalPlayer.Character.HumanoidRootPart.CFrame = CFrame.new(427.608795, 242.101669, 15296.2773, 0.992449641, 3.24589067e-08, -0.122652858, -4.3339714e-08, 1, -8.60442739e-08, 0.122652858, 9.07103512e-08, 0.992449641)
    wait(1.2)
    game:GetService("VirtualInputManager"):SendKeyEvent(true,"E",false,game)
task.wait(4.05)
wait(6.5)
game.Players.LocalPlayer.Character.HumanoidRootPart.CFrame = CFrame.new(444.751801, 242.898285, 15293.2305, 0.993958056, -2.82626922e-09, 0.109760687, -7.12119341e-09, 1, 9.02366537e-08, -0.109760687, -9.04730726e-08, 0.993958056)
    wait(1.2)
    game:GetService("VirtualInputManager"):SendKeyEvent(true,"E",false,game)
    task.wait(4.05)
    wait(6.5)
    game.Players.LocalPlayer.Character.HumanoidRootPart.CFrame = CFrame.new(427.608795, 242.101669, 15296.2773, 0.992449641, 3.24589067e-08, -0.122652858, -4.3339714e-08, 1, -8.60442739e-08, 0.122652858, 9.07103512e-08, 0.992449641)
    wait(1.2)
    game:GetService("VirtualInputManager"):SendKeyEvent(true,"E",false,game)
task.wait(4.05)
wait(6.5)
game.Players.LocalPlayer.Character.HumanoidRootPart.CFrame = CFrame.new(444.751801, 242.898285, 15293.2305, 0.993958056, -2.82626922e-09, 0.109760687, -7.12119341e-09, 1, 9.02366537e-08, -0.109760687, -9.04730726e-08, 0.993958056)
    wait(1.2)
    game:GetService("VirtualInputManager"):SendKeyEvent(true,"E",false,game)
    task.wait(4.05)
    wait(6.5)
    game.Players.LocalPlayer.Character.HumanoidRootPart.CFrame = CFrame.new(427.608795, 242.101669, 15296.2773, 0.992449641, 3.24589067e-08, -0.122652858, -4.3339714e-08, 1, -8.60442739e-08, 0.122652858, 9.07103512e-08, 0.992449641)
    wait(1.2)
    game:GetService("VirtualInputManager"):SendKeyEvent(true,"E",false,game)
task.wait(4.05)
wait(6.5)
game.Players.LocalPlayer.Character.HumanoidRootPart.CFrame = CFrame.new(444.751801, 242.898285, 15293.2305, 0.993958056, -2.82626922e-09, 0.109760687, -7.12119341e-09, 1, 9.02366537e-08, -0.109760687, -9.04730726e-08, 0.993958056)
    wait(1.2)
    game:GetService("VirtualInputManager"):SendKeyEvent(true,"E",false,game)
    task.wait(4.05)
    wait(6.5)
    game.Players.LocalPlayer.Character.HumanoidRootPart.CFrame = CFrame.new(427.608795, 242.101669, 15296.2773, 0.992449641, 3.24589067e-08, -0.122652858, -4.3339714e-08, 1, -8.60442739e-08, 0.122652858, 9.07103512e-08, 0.992449641)
    wait(1.2)
    game:GetService("VirtualInputManager"):SendKeyEvent(true,"E",false,game)
task.wait(4.05)
wait(6.5)
game.Players.LocalPlayer.Character.HumanoidRootPart.CFrame = CFrame.new(444.751801, 242.898285, 15293.2305, 0.993958056, -2.82626922e-09, 0.109760687, -7.12119341e-09, 1, 9.02366537e-08, -0.109760687, -9.04730726e-08, 0.993958056)
    wait(1.2)
    game:GetService("VirtualInputManager"):SendKeyEvent(true,"E",false,game)
    task.wait(4.05)
    wait(6.5)
    game.Players.LocalPlayer.Character.HumanoidRootPart.CFrame = CFrame.new(427.608795, 242.101669, 15296.2773, 0.992449641, 3.24589067e-08, -0.122652858, -4.3339714e-08, 1, -8.60442739e-08, 0.122652858, 9.07103512e-08, 0.992449641)
    wait(1.2)
    game:GetService("VirtualInputManager"):SendKeyEvent(true,"E",false,game)
task.wait(4.05)
wait(6.5)
game.Players.LocalPlayer.Character.HumanoidRootPart.CFrame = CFrame.new(444.751801, 242.898285, 15293.2305, 0.993958056, -2.82626922e-09, 0.109760687, -7.12119341e-09, 1, 9.02366537e-08, -0.109760687, -9.04730726e-08, 0.993958056)
    wait(1.2)
    game:GetService("VirtualInputManager"):SendKeyEvent(true,"E",false,game)
    task.wait(4.05)
    wait(6.5)
    game.Players.LocalPlayer.Character.HumanoidRootPart.CFrame = CFrame.new(427.608795, 242.101669, 15296.2773, 0.992449641, 3.24589067e-08, -0.122652858, -4.3339714e-08, 1, -8.60442739e-08, 0.122652858, 9.07103512e-08, 0.992449641)
    wait(1.2)
    game:GetService("VirtualInputManager"):SendKeyEvent(true,"E",false,game)
task.wait(4.05)
wait(6.5)
game.Players.LocalPlayer.Character.HumanoidRootPart.CFrame = CFrame.new(444.751801, 242.898285, 15293.2305, 0.993958056, -2.82626922e-09, 0.109760687, -7.12119341e-09, 1, 9.02366537e-08, -0.109760687, -9.04730726e-08, 0.993958056)
    wait(1.2)
    game:GetService("VirtualInputManager"):SendKeyEvent(true,"E",false,game)
    task.wait(4.05)
    wait(6.5)
